Hope(S1),Joy(S2),Surprise(S3),Anticipation(S4),Sadness(S5),Fear(S6),Anger(S7),Disgust(S8),Disgust-Joy(F1) ,Disgust-Hope(F2),Disgust-Anti(F3) ,Disgust-Surprise(F4),Anger-Joy(F5),Anger-Hope(F6),Anger-Anti(F7),Anger-Surprise(F8) ,Fear-Joy(F9),Fear-Hope(F10) ,Fear-Anti(F11),Fear-Surprise(F12) ,Sadness-Joy(F13),Sadness-Hope(F14) ,Sad-Anti(F15) ,Sadness-Surprise(F16),Positive(Joy+Hope) F17,Negative(Dis+Anger+Fear+Sad) F18,Neutral(Anti+Surprise) F19,LABEL
173141,178694,162279,223510,168359,168336,172529,191087,17946,12393,28808,32423,612,6165,10250,50981,4805,10358,6057,55174,4782,10335,6080,55151,351835,700311,385789,1
204328,204362,191968,265063,183773,194032,188967,258640,54312,54278,66672,6423,15361,15395,3001,76096,10296,10330,2064,71031,20555,20589,8195,81290,408690,825412,457031,1
122926,142074,137047,143628,114720,128025,115062,112715,10211,29359,24332,30913,7864,27012,21985,28566,5099,14049,9022,15603,8206,27354,22327,28908,265000,470522,280675,1
125970,131678,120873,101393,133613,128828,129053,117936,8034,13742,2937,16543,3083,2625,8180,27660,2858,2850,7955,27435,7643,1935,12740,32220,257648,509430,222266,1
43582,49767,47096,50255,46614,51944,43532,91220,47638,41453,44124,40965,50,6235,3564,6723,8362,2177,4848,1689,3032,3153,482,3641,93349,233310,97351,1
203371,231540,211162,210934,229932,226213,225838,223189,19818,8351,12027,12255,22467,5702,14676,14904,22842,5327,15051,15279,26561,1608,18770,18998,434911,905172,422096,1
76960,78872,72628,87509,73971,74616,72350,90501,13541,11629,17873,2992,4610,6522,278,15159,2344,4256,1988,12893,2989,4901,1343,13538,155832,311438,160137,1
18418,18862,19080,25204,20142,21426,18835,38749,20331,19887,19669,13545,417,27,245,6369,3008,2564,2346,3778,1724,1280,1062,5062,37280,99152,44284,1
251766,265378,247150,205257,263013,273744,266266,309183,57417,43805,62033,103926,14500,888,19116,61009,21978,8366,26594,68487,11247,2365,15863,57756,517144,1112206,452407,1
144830,160702,137479,147903,142832,146005,137354,184743,39913,24041,47264,36840,7476,23348,125,10549,1175,14697,8526,1898,1998,17870,5353,5071,305532,610934,285382,1
161707,161762,151549,164475,155682,153723,162834,168218,6511,6456,16669,3743,1127,1072,11285,1641,7984,8039,2174,10752,6025,6080,4133,8793,323469,640457,316024,1
160697,165448,159723,212418,168779,170813,167850,206583,45886,41135,46860,5835,7153,2402,8127,44568,10116,5365,11090,41605,8082,3331,9056,43639,326145,714025,372141,1
73813,73819,73628,86393,70903,71942,72931,174606,100793,100787,100978,88213,882,888,697,13462,1871,1877,1686,14451,2910,2916,2725,15490,147632,390382,160021,1
202950,188478,196004,223452,195042,212241,191376,286443,83493,97965,90439,62991,11574,2898,4628,32076,9291,23763,16237,11211,7908,6564,962,28410,391428,885102,419456,1
152155,151434,133957,154178,147608,138145,146122,188003,35848,36569,54046,33825,6033,5312,12165,8056,14010,13289,4188,16033,4547,3826,13651,6570,303589,619878,288135,1
65614,79560,75525,87857,71790,79029,70010,80187,14573,627,4662,7670,4396,9550,5515,17847,13415,531,3504,8828,6176,7770,3735,16067,145174,301016,163382,1
191152,208731,185109,220486,204520,201254,193898,258942,67790,50211,73833,38456,2746,14833,8789,26588,10102,7477,16145,19232,13368,4211,19411,15966,399883,858614,405595,1
106932,107172,101068,90569,110039,105447,103304,176020,69088,68848,74952,85451,3628,3868,2236,12735,1485,1725,4379,14878,3107,2867,8971,19470,214104,494810,191637,1
46693,59199,47188,95789,43889,44120,45598,86993,40300,27794,39805,8796,1095,13601,1590,50191,2573,15079,3068,51669,2804,15310,3299,51900,105892,220600,142977,1
202437,215871,208098,268275,211198,220208,211491,254371,51934,38500,46273,13904,9054,4380,3393,56784,17771,4337,12110,48067,8761,4673,3100,57077,418308,897268,476373,1
54446,56593,44870,62347,54747,51409,52935,80487,26041,23894,35617,18140,1511,3658,8065,9412,3037,5184,6539,10938,301,1846,9877,7600,111039,239578,107217,1
173525,193048,171380,220297,174808,180553,184413,176892,3367,16156,5512,43405,10888,8635,13033,35884,7028,12495,9173,39744,1283,18240,3428,45489,366573,716666,391677,1
137463,139256,129036,163485,136837,134797,133738,157841,20378,18585,28805,5644,3725,5518,4702,29747,2666,4459,5761,28688,626,2419,7801,26648,276719,563213,292521,1
119624,123451,119522,123277,121887,124983,127809,130167,10543,6716,10645,6890,8185,4358,8287,4532,5359,1532,5461,1706,2263,1564,2365,1390,243075,504846,242799,1
243938,237235,209459,248132,238212,229442,236948,345560,101622,108325,136101,97428,6990,287,27489,11184,14496,7793,19983,18690,5726,977,28753,9920,481173,1050162,457591,1
89570,87199,89280,69483,95508,97077,92636,97207,7637,10008,7927,27724,3066,5437,3356,23153,7507,9878,7797,27594,5938,8309,6228,26025,176769,382428,158763,1
120053,112028,121233,112407,125637,131971,129106,174675,54622,62647,53442,62268,9053,17078,7873,16699,11918,19943,10738,19564,5584,13609,4404,13230,232081,561389,233640,1
157615,153338,146597,127585,158623,155218,166573,210604,52989,57266,64007,83019,8958,13235,19976,38988,2397,1880,8621,27633,1008,5285,12026,31038,310953,691018,274182,1
251967,254936,243031,250211,256219,252891,257411,325890,73923,70954,82859,75679,5444,2475,14380,7200,924,2045,9860,2680,4252,1283,13188,6008,506903,1092411,493242,1
88592,104944,95695,93726,98531,101247,100606,120591,31999,15647,24896,26865,12014,4338,4911,6880,12655,3697,5552,7521,9939,6413,2836,4805,193536,420975,189421,1
132557,126089,123372,159413,130352,129186,133951,122341,10216,3748,1031,37072,1394,7862,10579,25462,3371,3097,5814,30227,2205,4263,6980,29061,258646,515830,282785,1
194014,212226,176788,251417,186520,176583,150422,209655,15641,2571,32867,41762,43592,61804,26366,100995,17431,35643,205,74834,7494,25706,9732,64897,406240,723180,428205,1
90479,99648,94555,93352,98551,102266,96855,111965,21486,12317,17410,18613,6376,2793,2300,3503,11787,2618,7711,8914,8072,1097,3996,5199,190127,409637,187907,1
145406,144917,145032,150801,147990,150500,153719,137825,7581,7092,7207,12976,8313,8802,8687,2918,5094,5583,5468,301,2584,3073,2958,2811,290323,590034,295833,1
38578,41829,38831,52629,42255,45223,39763,36503,2075,5326,2328,16126,1185,2066,932,12866,6645,3394,6392,7406,3677,426,3424,10374,80407,163744,91460,1
149909,155450,146567,168476,152251,162120,162166,222195,72286,66745,75628,53719,12257,6716,15599,6310,12211,6670,15553,6356,2342,3199,5684,16225,305359,698732,315043,1
200041,194213,198103,226370,200407,199982,208343,235190,35149,40977,37087,8820,8302,14130,10240,18027,59,5769,1879,26388,366,6194,2304,25963,394254,843922,424473,1
58895,60669,58181,61830,63185,64355,63273,73512,14617,12843,15331,11682,4378,2604,5092,1443,5460,3686,6174,2525,4290,2516,5004,1355,119564,264325,120011,1
86836,91862,83864,110125,83898,79169,81986,91355,4519,507,7491,18770,4850,9876,1878,28139,7667,12693,4695,30956,2938,7964,34,26227,178698,336408,193989,1
111653,145528,135509,150061,126158,137808,125913,170410,58757,24882,34901,20349,14260,19615,9596,24148,26155,7720,2299,12253,14505,19370,9351,23903,257181,560289,285570,1
100696,96609,93884,93108,99363,91259,106508,134503,33807,37894,40619,41395,5812,9899,12624,13400,9437,5350,2625,1849,1333,2754,5479,6255,197305,431633,186992,1
153959,158441,141312,125110,149686,144791,152511,178456,24497,20015,37144,53346,1448,5930,11199,27401,9168,13650,3479,19681,4273,8755,8374,24576,312400,625444,266422,1
65093,67931,66160,70842,69258,74711,71190,154381,89288,86450,88221,83539,6097,3259,5030,348,9618,6780,8551,3869,4165,1327,3098,1584,133024,369540,137002,1
183552,207895,161947,206286,181674,174295,170484,238529,54977,30634,76582,32243,13068,37411,8537,35802,9257,33600,12348,31991,1878,26221,19727,24612,391447,764982,368233,1
66122,74674,60822,56953,69356,66901,65707,81716,15594,7042,20894,24763,415,8967,4885,8754,779,7773,6079,9948,3234,5318,8534,12403,140796,283680,117775,1
264765,286915,260672,220469,278672,279620,277536,286667,21902,248,25995,66198,12771,9379,16864,57067,14855,7295,18948,59151,13907,8243,18000,58203,551680,1122495,481141,1
152693,157534,144021,177145,140971,142653,146725,141913,10780,15621,2108,35232,5968,10809,2704,30420,10040,14881,1368,34492,11722,16563,3050,36174,310227,572262,321166,1
150500,165585,141311,157718,146395,150015,147255,110070,40430,55515,31241,47648,3245,18330,5944,10463,485,15570,8704,7703,4105,19190,5084,11323,316085,553735,299029,1
235650,241992,236771,281151,232197,241984,241289,261515,25865,19523,24744,19636,5639,703,4518,39862,6334,8,5213,39167,3453,9795,4574,48954,477642,976985,517922,1
167006,175984,142333,138315,155827,152190,135016,223235,56229,47251,80902,84920,31990,40968,7317,3299,14816,23794,9857,13875,11179,20157,13494,17512,342990,666268,280648,1
162100,164795,156196,161211,161628,164860,168869,123772,38328,41023,32424,37439,6769,4074,12673,7658,2760,65,8664,3649,472,3167,5432,417,326895,619129,317407,1
112166,127024,124016,107053,125941,122074,132090,138917,26751,11893,14901,31864,19924,5066,8074,25037,9908,4950,1942,15021,13775,1083,1925,18888,239190,519022,231069,1
137236,148038,126180,197501,131537,135592,133722,157135,19899,9097,30955,40366,3514,14316,7542,63779,1644,12446,9412,61909,5699,16501,5357,65964,285274,557986,323681,1
175184,181817,174835,200613,178453,187639,184908,206548,31364,24731,31713,5935,9724,3091,10073,15705,12455,5822,12804,12974,3269,3364,3618,22160,357001,757548,375448,1
88419,91138,69551,76147,79503,73045,67761,51850,36569,39288,17701,24297,20658,23377,1790,8386,15374,18093,3494,3102,8916,11635,9952,3356,179557,272159,145698,1
59249,70063,53892,99175,55636,58425,54334,60437,1188,9626,6545,38738,4915,15729,442,44841,824,11638,4533,40750,3613,14427,1744,43539,129312,228832,153067,1
112723,116376,104695,138359,109610,107433,94872,154409,41686,38033,49714,16050,17851,21504,9823,43487,5290,8943,2738,30926,3113,6766,4915,28749,229099,466324,243054,1
107282,110906,105455,90229,119555,117010,105227,100082,7200,10824,5373,9853,2055,5679,228,14998,9728,6104,11555,26781,12273,8649,14100,29326,218188,441874,195684,1
113022,123670,105128,158702,104180,101403,101088,79429,33593,44241,25699,79273,11934,22582,4040,57614,11619,22267,3725,57299,8842,19490,948,54522,236692,386100,263830,1
152302,147666,139943,186429,149337,145104,151902,205173,52871,57507,65230,18744,400,4236,11959,34527,7198,2562,5161,41325,2965,1671,9394,37092,299968,651516,326372,1
122149,140486,120659,124683,126272,129615,115847,159128,36979,18642,38469,34445,6302,24639,4812,8836,7466,10871,8956,4932,4123,14214,5613,1589,262635,530862,245342,1
76366,91725,77221,99577,79545,84535,81631,81008,4642,10717,3787,18569,5265,10094,4410,17946,8169,7190,7314,15042,3179,12180,2324,20032,168091,326719,176798,1
136335,130458,129792,145201,129558,130211,128673,264213,127878,133755,134421,119012,7662,1785,1119,16528,6124,247,419,14990,6777,900,234,15643,266793,652655,274993,1
287201,312936,275357,312176,286017,293564,289012,292942,5741,19994,17585,19234,1811,23924,13655,23164,6363,19372,18207,18612,1184,26919,10660,26159,600137,1161535,587533,1
190949,214650,189708,262620,171177,184499,162276,202919,11970,11731,13211,59701,28673,52374,27432,100344,6450,30151,5209,78121,19772,43473,18531,91443,405599,720871,452328,1
28661,25644,31388,29766,29990,29711,37344,49552,20891,23908,18164,19786,8683,11700,5956,7578,1050,4067,1677,55,1329,4346,1398,224,54305,146597,61154,1
110079,122361,110498,118877,115697,117356,115307,171519,61440,49158,61021,52642,5228,7054,4809,3570,7277,5005,6858,1521,5618,6664,5199,3180,232440,519879,229375,1
132096,142659,142249,111920,135209,153153,141159,205902,73806,63243,63653,93982,9063,1500,1090,29239,21057,10494,10904,41233,3113,7450,7040,23289,274755,635423,254169,1
46695,44244,42453,62182,39054,41296,37996,42754,3941,1490,301,19428,8699,6248,4457,24186,5399,2948,1157,20886,7641,5190,3399,23128,90939,161100,104635,1
69676,79031,66752,67809,70038,72820,63153,110862,41186,31831,44110,43053,6523,15878,3599,4656,3144,6211,6068,5011,362,8993,3286,2229,148707,316873,134561,1
185250,189431,181742,206961,183387,189248,187963,222033,36783,32602,40291,15072,2713,1468,6221,18998,3998,183,7506,17713,1863,6044,1645,23574,374681,782631,388703,1
35219,37292,33773,56111,36349,34072,32147,57937,22718,20645,24164,1826,3072,5145,1626,23964,1147,3220,299,22039,1130,943,2576,19762,72511,160505,89884,1
101099,96223,97806,118955,120749,110645,104370,151270,50171,55047,53464,32315,3271,8147,6564,14585,9546,14422,12839,8310,19650,24526,22943,1794,197322,487034,216761,1
197546,192033,193297,207925,190560,195588,192697,232077,34531,40044,38780,24152,4849,664,600,15228,1958,3555,2291,12337,6986,1473,2737,17365,389579,810922,401222,1
141455,156097,144580,156603,146222,147102,148833,118319,23136,37778,26261,38284,7378,7264,4253,7770,5647,8995,2522,9501,4767,9875,1642,10381,297552,560476,301183,1
99231,121295,114358,122249,108351,113858,106455,130804,31573,9509,16446,8555,7224,14840,7903,15794,14627,7437,500,8391,9120,12944,6007,13898,220526,459468,236607,1
225732,223183,227240,257427,244653,248500,257409,272575,46843,49392,45335,15148,31677,34226,30169,18,22768,25317,21260,8927,18921,21470,17413,12774,448915,1023137,484667,1
181031,166878,175967,185865,194540,193603,194078,190456,9425,23578,14489,4591,13047,27200,18111,8213,12572,26725,17636,7738,13509,27662,18573,8675,347909,772677,361832,1
149675,138584,136688,208400,146380,143141,161985,382649,232974,244065,245961,174249,12310,23401,25297,46415,6534,4557,6453,65259,3295,7796,9692,62020,288259,834155,345088,1
204982,199403,199455,207656,201517,201893,203473,236393,31411,36990,36938,28737,1509,4070,4018,4183,3089,2490,2438,5763,3465,2114,2062,6139,404385,843276,407111,1
27162,29566,23271,43323,31081,29047,26476,49261,22099,19695,25990,5938,686,3090,3205,16847,1885,519,5776,14276,3919,1515,7810,12242,56728,135865,66594,1
133062,130733,130129,126342,141522,139026,143071,204109,71047,73376,73980,77767,10009,12338,12942,16729,5964,8293,8897,12684,8460,10789,11393,15180,263795,627728,256471,1
159284,185736,171137,211348,167284,178781,169464,328166,168882,142430,157029,116818,10180,16272,1673,41884,19497,6955,7644,32567,8000,18452,3853,44064,345020,843695,382485,1
207325,220178,191713,220629,208003,210475,207309,216861,9536,3317,25148,3768,16,12869,15596,13320,3150,9703,18762,10154,678,12175,16290,12626,427503,842648,412342,1
102365,114910,108031,107571,115129,120546,115794,108153,5788,6757,122,582,13429,884,7763,8223,18181,5636,12515,12975,12764,219,7098,7558,217275,459622,215602,1
75251,63807,59430,87975,60713,63499,66399,71680,3571,7873,12250,16295,8852,2592,6969,21576,11752,308,4069,24476,14538,3094,1283,27262,139058,262291,147405,1
168980,198439,180890,177952,190489,187071,181803,222787,53807,24348,41897,44835,12823,16636,913,3851,18091,11368,6181,9119,21509,7950,9599,12537,367419,782150,358842,1
235650,241992,236771,281151,232197,241984,241289,261515,25865,19523,24744,19636,5639,703,4518,39862,6334,8,5213,39167,3453,9795,4574,48954,477642,976985,517922,1
25771,30923,29165,44056,24814,25516,23657,37688,11917,6765,8523,6368,2114,7266,5508,20399,255,5407,3649,18540,957,6109,4351,19242,56694,111675,73221,1
103367,111002,107549,93383,116589,113207,113975,77277,26090,33725,30272,16106,10608,2973,6426,20592,9840,2205,5658,19824,13222,5587,9040,23206,214369,421048,200932,1
173538,194381,178693,219677,174201,181020,168982,208133,34595,13752,29440,11544,4556,25399,9711,50695,7482,13361,2327,38657,663,20180,4492,45476,367919,732336,398370,1
129668,134240,113166,149237,128591,133123,128670,155811,26143,21571,42645,6574,998,5570,15504,20567,3455,1117,19957,16114,1077,5649,15425,20646,263908,546195,262403,1
121743,132627,124842,138010,146106,142834,147214,132594,10851,33,7752,5416,25471,14587,22372,9204,21091,10207,17992,4824,24363,13479,21264,8096,254370,568748,262852,1
84482,92487,82476,145350,86416,81366,79461,122425,37943,29938,39949,22925,5021,13026,3015,65889,3116,11121,1110,63984,1934,6071,3940,58934,176969,369668,227826,1
90836,92642,94394,71252,89089,94538,89414,132687,41851,40045,38293,61435,1422,3228,4980,18162,3702,1896,144,23286,1747,3553,5305,17837,183478,405728,165646,1
168962,167867,164219,146881,173204,182282,171868,149664,19298,18203,14555,2783,2906,4001,7649,24987,13320,14415,18063,35401,4242,5337,8985,26323,336829,677018,311100,1
180561,195670,171928,271333,180848,173762,184727,209811,29250,14141,37883,61522,4166,10943,12799,86606,6799,21908,1834,97571,287,14822,8920,90485,376231,749148,443261,1
168312,178213,169067,200695,170173,175653,170269,160406,7906,17807,8661,40289,1957,7944,1202,30426,7341,2560,6586,25042,1861,8040,1106,30522,346525,676501,369762,1
78883,90606,64156,115242,74653,73746,63289,82783,3900,7823,18627,32459,15594,27317,867,51953,5137,16860,9590,41496,4230,15953,10497,40589,169489,294471,179398,1
85401,98345,86480,82004,88824,82906,89568,120922,35521,22577,34442,38918,4167,8777,3088,7564,2495,15439,3574,902,3423,9521,2344,6820,183746,382220,168484,1
221412,225472,214404,220940,222652,227056,218451,199517,21895,25955,14887,21423,2961,7021,4047,2489,5644,1584,12652,6116,1240,2820,8248,1712,446884,867676,435344,1
218677,247250,205983,281690,208521,212455,184084,255310,36633,8060,49327,26380,34593,63166,21899,97606,6222,34795,6472,69235,10156,38729,2538,73169,465927,860370,487673,1
117189,127870,114031,132788,118134,117434,119276,181015,63826,53145,66984,48227,2087,8594,5245,13512,245,10436,3403,15354,945,9736,4103,14654,245059,535859,246819,1
81484,93535,87657,94269,90867,96199,89329,93162,11678,373,5505,1107,7845,4206,1672,4940,14715,2664,8542,1930,9383,2668,3210,3402,175019,369557,181926,1
154157,137263,132303,125461,147672,140112,149122,144888,9269,7625,12585,19427,5035,11859,16819,23661,14045,2849,7809,14651,6485,10409,15369,22211,291420,581794,257764,1
135953,141788,128681,157352,132485,133341,126104,159334,23381,17546,30653,1982,9849,15684,2577,31248,2612,8447,4660,24011,3468,9303,3804,24867,277741,551264,286033,1
110356,115779,122609,129022,126436,126665,126379,129026,18670,13247,6417,4,16023,10600,3770,2643,16309,10886,4056,2357,16080,10657,3827,2586,226135,508506,251631,1
90357,96528,91898,85146,99210,95761,98561,104331,13974,7803,12433,19185,8204,2033,6663,13415,5404,767,3863,10615,8853,2682,7312,14064,186885,397863,177044,1
79531,87172,92799,100194,82802,87971,87302,92135,12604,4963,664,8059,7771,130,5497,12892,8440,799,4828,12223,3271,4370,9997,17392,166703,350210,192993,1
141449,141847,136621,115434,145192,145653,141068,190776,49327,48929,54155,75342,381,779,4447,25634,4204,3806,9032,30219,3743,3345,8571,29758,283296,622689,252055,1
314734,269857,335293,364409,370868,365044,328249,368631,53897,98774,33338,4222,13515,58392,7044,36160,50310,95187,29751,635,56134,101011,35575,6459,584591,1432792,699702,1
103000,101480,94210,102239,102191,98643,106006,197917,94917,96437,103707,95678,3006,4526,11796,3767,4357,2837,4433,3596,809,711,7981,48,204480,504757,196449,1
161005,180544,154292,200825,145333,167258,149623,193939,32934,13395,39647,6886,11382,30921,4669,51202,6253,13286,12966,33567,15672,35211,8959,55492,341549,656153,355117,1
76043,82251,67621,94929,73214,75857,71683,105332,29289,23081,37711,10403,4360,10568,4062,23246,186,6394,8236,19072,2829,9037,5593,21715,158294,326086,162550,1
51837,55652,56292,41544,56734,60250,60044,82459,30622,26807,26167,40915,8207,4392,3752,18500,8413,4598,3958,18706,4897,1082,442,15190,107489,259487,97836,1
62178,63343,62458,52457,63634,65897,60941,62783,605,560,325,10326,1237,2402,1517,8484,3719,2554,3439,13440,1456,291,1176,11177,125521,253255,114915,1
87931,84749,88721,113973,82860,89254,80299,103746,15815,18997,15025,10227,7632,4450,8422,33674,1323,4505,533,24719,5071,1889,5861,31113,172680,356159,202694,1
96089,103201,101913,84051,99371,98550,104135,95752,337,7449,6161,11701,8046,934,2222,20084,2461,4651,3363,14499,3282,3830,2542,15320,199290,397808,185964,1
120535,127999,120906,118811,118776,122059,109870,98221,22314,29778,22685,20590,10665,18129,11036,8941,1524,5940,1153,3248,1759,9223,2130,35,248534,448926,239717,1
88966,72365,87202,62807,91905,89945,80012,107171,18205,34806,19969,44364,8954,7647,7190,17205,979,17580,2743,27138,2939,19540,4703,29098,161331,369033,150009,1
153203,149056,154449,196006,162644,153978,156803,254907,101704,105851,100458,58901,3600,7747,2354,39203,775,4922,471,42028,9441,13588,8195,33362,302259,728332,350455,1
26928,31842,34883,26624,31986,35712,35597,36776,9848,4934,1893,10152,8669,3755,714,8973,8784,3870,829,9088,5058,144,2897,5362,58770,140071,61507,1
222619,226464,204687,249455,206762,205322,209463,330385,107766,103921,125698,80930,13156,17001,4776,39992,17297,21142,635,44133,15857,19702,2075,42693,449083,951932,454142,1
126492,119503,102012,155317,103885,109152,102354,101211,25281,18292,801,54106,24138,17149,342,52963,17340,10351,7140,46165,22607,15618,1873,51432,245995,416602,257329,1
235650,241992,236771,281151,232197,241984,241289,261515,25865,19523,24744,19636,5639,703,4518,39862,6334,8,5213,39167,3453,9795,4574,48954,477642,976985,517922,1
112683,97932,108044,94720,110559,125537,120514,174371,61688,76439,66327,79651,7831,22582,12470,25794,12854,27605,17493,30817,2124,12627,2515,15839,210615,530981,202764,1
152475,151206,145855,203753,150287,149176,153794,316094,163619,164888,170239,112341,1319,2588,7939,49959,3299,2030,3321,54577,2188,919,4432,53466,303681,769351,349608,1
256392,288155,257478,364993,269882,282277,262745,335204,78812,47049,77726,29789,6353,25410,5267,102248,25885,5878,24799,82716,13490,18273,12404,95111,544547,1150108,622471,1
54248,55897,46973,63615,42749,47198,50314,51921,2327,3976,4948,11694,3934,5583,3341,13301,7050,8699,225,16417,11499,13148,4224,20866,110145,192182,110588,1
215123,232256,206003,246787,222681,223605,217093,208946,6177,23310,2943,37841,1970,15163,11090,29694,8482,8651,17602,23182,7558,9575,16678,24106,447379,872325,452790,1
160043,173917,146602,176909,152590,156845,158690,177454,17411,3537,30852,545,1353,15227,12088,18219,3198,17072,10243,20064,7453,21327,5988,24319,333960,645579,323511,1
116684,128851,114449,113443,120146,123885,115808,158944,42260,30093,44495,45501,876,13043,1359,2365,7201,4966,9436,10442,3462,8705,5697,6703,245535,518783,227892,1
84416,83514,80232,106237,71974,89251,88700,100720,16304,17206,20488,5517,4284,5186,8468,17537,4835,5737,9019,16986,12442,11540,8258,34263,167930,350645,186469,1
280122,278325,274943,365834,264715,287390,259975,382512,102390,104187,107569,16678,20147,18350,14968,105859,7268,9065,12447,78444,15407,13610,10228,101119,558447,1194592,640777,1
34753,48060,40311,44210,23085,34748,26596,67553,32800,19493,27242,23343,8157,21464,13715,17614,5,13312,5563,9462,11668,24975,17226,21125,82813,151982,84521,1
64427,67648,70624,52990,63973,71121,73882,69049,4622,1401,1575,16059,9455,6234,3258,20892,6694,3473,497,18131,454,3675,6651,10983,132075,278025,123614,1
266329,264420,250396,289376,263779,267125,259912,337698,71369,73278,87302,48322,6417,4508,9516,29464,796,2705,16729,22251,2550,641,13383,25597,530749,1128514,539772,1
55266,52938,49190,64700,57086,52040,55984,104307,49041,51369,55117,39607,718,3046,6794,8716,3226,898,2850,12660,1820,4148,7896,7614,108204,269417,113890,1
78238,78521,70078,83357,68134,64563,69387,86995,8757,8474,16917,3638,8851,9134,691,13970,13675,13958,5515,18794,10104,10387,1944,15223,156759,289079,153435,1
30233,27747,26173,22087,31346,31128,33064,43265,13032,15518,17092,21178,2831,5317,6891,10977,895,3381,4955,9041,1113,3599,5173,9259,57980,138803,48260,1
71509,76129,73558,126715,74031,73760,68752,150886,79377,74757,77328,24171,2757,7377,4806,57963,2251,2369,202,52955,2522,2098,473,52684,147638,367429,200273,1
171631,196720,184842,253671,189386,194854,186138,202452,30821,5732,17610,51219,14507,10582,1296,67533,23223,1866,10012,58817,17755,7334,4544,64285,368351,772830,438513,1
83036,82411,69500,82626,84830,79136,80824,74105,8931,8306,4605,8521,2212,1587,11324,1802,3900,3275,9636,3490,1794,2419,15330,2204,165447,318895,152126,1
120687,133861,126370,146190,121058,121561,125115,129954,9267,3907,3584,16236,4428,8746,1255,21075,874,12300,4809,24629,371,12803,5312,25132,254548,497688,272560,1
104221,102107,99713,79675,99804,91457,102896,121637,17416,19530,21924,41962,1325,789,3183,23221,12764,10650,8256,11782,4417,2303,91,20129,206328,415794,179388,1
138410,150527,149131,186264,151437,158883,150335,205649,67239,55122,56518,19385,11925,192,1204,35929,20473,8356,9752,27381,13027,910,2306,34827,288937,666304,335395,1
164819,167098,145198,207531,160238,158814,152669,169069,4250,1971,23871,38462,12150,14429,7471,54862,6005,8284,13616,48717,4581,6860,15040,47293,331917,640790,352729,1
154601,178793,154578,187435,165835,175925,164133,185665,31064,6872,31087,1770,9532,14660,9555,23302,21324,2868,21347,11510,11234,12958,11257,21600,333394,691558,342013,1
199520,227747,187272,243929,214381,212299,184767,199761,241,27986,12489,44168,14753,42980,2505,59162,12779,15448,25027,31630,14861,13366,27109,29548,427267,811208,431201,1
62903,58852,55882,79018,65809,65948,68883,66289,3386,7437,10407,12729,5980,10031,13001,10135,3045,7096,10066,13070,2906,6957,9927,13209,121755,266929,134900,1
126894,136592,146480,183093,148010,150306,145072,218502,91608,81910,72022,35409,18178,8480,1408,38021,23412,13714,3826,32787,21116,11418,1530,35083,263486,661890,329573,1
57146,56677,56305,45474,51468,47650,50136,96145,38999,39468,39840,50671,7010,6541,6169,4662,9496,9027,8655,2176,5678,5209,4837,5994,113823,245399,101779,1
117622,128969,108835,139643,115775,115315,106738,94431,23191,34538,14404,45212,10884,22231,2097,32905,2307,13654,6480,24328,1847,13194,6940,23868,246591,432259,248478,1
58171,65149,52710,37213,59090,59292,59722,38190,19981,26959,14520,977,1551,5427,7012,22509,1121,5857,6582,22079,919,6059,6380,21877,123320,216294,89923,1
27502,25661,25626,24271,25837,24090,26398,17736,9766,7925,7890,6535,1104,737,772,2127,3412,1571,1536,181,1665,176,211,1566,53163,94061,49897,1
98082,97806,90051,85788,92426,98434,84244,125001,26919,27195,34950,39213,13838,13562,5807,1544,352,628,8383,12646,5656,5380,2375,6638,195888,400105,175839,1
134120,140602,118674,120637,128715,130526,120638,139084,4964,1518,20410,18447,13482,19964,1964,1,3594,10076,11852,9889,5405,11887,10041,8078,274722,518963,239311,1
102181,103400,97136,78166,100867,99452,101552,90142,12039,13258,6994,11976,629,1848,4416,23386,2729,3948,2316,21286,1314,2533,3731,22701,205581,392013,175302,1
69342,83929,65877,139059,67487,67652,61474,131819,62477,47890,65942,7240,7868,22455,4403,77585,1690,16277,1775,71407,1855,16442,1610,71572,153271,328432,204936,1
206902,205674,179116,221764,196961,192483,190244,301902,95000,96228,122786,80138,16658,15430,11128,31520,14419,13191,13367,29281,9941,8713,17845,24803,412576,881590,400880,1
209809,216453,182101,198033,213922,213501,183645,249633,39824,33180,67532,51600,26164,32808,1544,14388,3692,2952,31400,15468,4113,2531,31821,15889,426262,860701,380134,1
164744,152198,152366,160116,176543,172605,169337,241550,76806,89352,89184,81434,4593,17139,16971,9221,7861,20407,20239,12489,11799,24345,24177,16427,316942,760035,312482,1
86111,81792,78865,80661,89095,81782,88151,89490,3379,7698,10625,8829,2040,6359,9286,7490,4329,10,2917,1121,2984,7303,10230,8434,167903,348518,159526,1
137088,111770,127538,80515,137193,133322,135619,164546,27458,52776,37008,84031,1469,23849,8081,55104,3766,21552,5784,52807,105,25423,9655,56678,248858,570680,208053,1
138206,144074,136506,160407,134843,130140,136146,191199,52993,47125,54693,30792,2060,7928,360,24261,8066,13934,6366,30267,3363,9231,1663,25564,282280,592328,296913,1
69110,64766,67644,39851,77402,77162,72652,72744,3634,7978,5100,32893,3542,7886,5008,32801,8052,12396,9518,37311,8292,12636,9758,37551,133876,299960,107495,1
91057,106262,91505,77196,99942,99927,94784,89118,1939,17144,2387,11922,3727,11478,3279,17588,8870,6335,8422,22731,8885,6320,8437,22746,197319,383771,168701,1
145070,134913,127642,143755,148798,145244,139486,177646,32576,42733,50004,33891,5584,4573,11844,4269,174,10331,17602,1489,3728,13885,21156,5043,279983,611174,271397,1
56527,60500,56647,55043,50896,59865,55184,108212,51685,47712,51565,53169,1343,5316,1463,141,3338,635,3218,4822,5631,9604,5751,4147,117027,274157,111690,1
92847,95106,87043,98729,91292,94258,84307,123838,30991,28732,36795,25109,8540,10799,2736,14422,1411,848,7215,4471,1555,3814,4249,7437,187953,393695,185772,1
46784,55801,47973,47349,46209,47068,46443,36309,10475,19492,11664,11040,341,9358,1530,906,284,8733,905,281,575,9592,1764,1140,102585,176029,95322,1
81253,86923,76235,92950,76359,75024,76100,54313,26940,32610,21922,38637,5153,10823,135,16850,6229,11899,1211,17926,4894,10564,124,16591,168176,281796,169185,1
135995,126355,129982,112080,122668,109238,116759,134799,1196,8444,4817,22719,19236,9596,13223,4679,26757,17117,20744,2842,13327,3687,7314,10588,262350,483464,242062,1
104002,115761,104246,99124,116341,116852,115293,115348,11346,413,11102,16224,11291,468,11047,16169,12850,1091,12606,17728,12339,580,12095,17217,219763,463834,203370,1
74708,71267,71277,109749,82912,81151,82695,130371,55663,59104,59094,20622,7987,11428,11418,27054,6443,9884,9874,28598,8204,11645,11635,26837,145975,377129,181026,1
66388,58864,78253,67745,76015,71648,84106,119171,52783,60307,40918,51426,17718,25242,5853,16361,5260,12784,6605,3903,9627,17151,2238,8270,125252,350940,145998,1
63047,64431,60157,46243,67351,66977,65435,86954,23907,22523,26797,40711,2388,1004,5278,19192,3930,2546,6820,20734,4304,2920,7194,21108,127478,286717,106400,1
158136,159814,149921,183774,161236,159765,166096,252934,94798,93120,103013,69160,7960,6282,16175,17678,1629,49,9844,24009,3100,1422,11315,22538,317950,740031,333695,1
104206,114312,106869,92302,113822,113931,116907,53424,50782,60888,53445,38878,12701,2595,10038,24605,9725,381,7062,21629,9616,490,6953,21520,218518,398084,199171,1
70268,73954,64497,54107,64190,60375,69618,58930,11338,15024,5567,4823,650,4336,5121,15511,9893,13579,4122,6268,6078,9764,307,10083,144222,253113,118604,1
236704,231711,212954,190532,236791,218304,216092,295986,59282,64275,83032,105454,20612,15619,3138,25560,18400,13407,5350,27772,87,5080,23837,46259,468415,967173,403486,1
148184,162961,132703,149414,152775,145015,138653,164986,16802,2025,32283,15572,9531,24308,5950,10761,3169,17946,12312,4399,4591,10186,20072,3361,311145,601429,282117,1
177785,185660,189661,153578,207874,208246,222715,245626,67841,59966,55965,92048,44930,37055,33054,69137,30461,22586,18585,54668,30089,22214,18213,54296,363445,884461,343239,1
52163,47682,45871,40283,50330,46423,50191,63606,11443,15924,17735,23323,1972,2509,4320,9908,5740,1259,552,6140,1833,2648,4459,10047,99845,210550,86154,1
61334,52726,52879,82494,54775,57524,53766,75021,13687,22295,22142,7473,7568,1040,887,28728,3810,4798,4645,24970,6559,2049,1896,27719,114060,241086,135373,1
76003,67809,62123,55165,71273,73114,72133,82550,6547,14741,20427,27385,3870,4324,10010,16968,2889,5305,10991,17949,4730,3464,9150,16108,143812,299070,117288,1
20485,21974,17934,15931,19599,17054,15918,12002,8483,9972,5932,3929,4567,6056,2016,13,3431,4920,880,1123,886,2375,1665,3668,42459,64573,33865,1
112159,117376,107815,96206,113876,118675,110845,245952,133793,128576,138137,149746,1314,6531,3030,14639,6516,1299,10860,22469,1717,3500,6061,17670,229535,589348,204021,1
119614,119355,112725,155523,116081,123973,113338,154725,35111,35370,42000,798,6276,6017,613,42185,4359,4618,11248,31550,3533,3274,3356,39442,238969,508117,268248,1
64293,69988,61714,95042,65089,62324,62890,121046,56753,51058,59332,26004,1403,7098,1176,32152,1969,7664,610,32718,796,4899,3375,29953,134281,311349,156756,1
64226,65964,57611,74013,68346,65164,63908,118188,53962,52224,60577,44175,318,2056,6297,10105,938,800,7553,8849,4120,2382,10735,5667,130190,315606,131624,1
97756,94152,89341,96306,104532,100405,103124,117339,19583,23187,27998,21033,5368,8972,13783,6818,2649,6253,11064,4099,6776,10380,15191,8226,191908,425400,185647,1
66200,71219,72211,73773,71435,79300,72750,75921,9721,4702,3710,2148,6550,1531,539,1023,13100,8081,7089,5527,5235,216,776,2338,137419,299406,145984,1
64539,65280,63663,105527,69392,68907,65646,83375,18836,18095,19712,22152,1107,366,1983,39881,4368,3627,5244,36620,4853,4112,5729,36135,129819,287320,169190,1
206751,236551,226176,220921,216556,226302,203029,210516,3765,26035,15660,10405,3722,33522,23147,17892,19551,10249,126,5381,9805,19995,9620,4365,443302,856403,447097,1
160855,163135,154088,170110,165790,162290,163106,247440,86585,84305,93352,77330,2251,29,9018,7004,1435,845,8202,7820,4935,2655,11702,4320,323990,738626,324198,1
96621,95844,81514,86296,88989,87247,85534,122813,26192,26969,41299,36517,11087,10310,4020,762,9374,8597,5733,951,7632,6855,7475,2693,192465,384583,167810,1
38805,39716,37768,58421,35851,37659,35016,69999,31194,30283,32231,11578,3789,4700,2752,23405,1146,2057,109,20762,2954,3865,1917,22570,78521,178525,96189,1
61646,64071,63502,75844,65345,62339,59163,77492,15846,13421,13990,1648,2483,4908,4339,16681,693,1732,1163,13505,3699,1274,1843,10499,125717,264339,139346,1
98402,112816,104643,71993,108418,112398,114922,168110,69708,55294,63467,96117,16520,2106,10279,42929,13996,418,7755,40405,10016,4398,3775,36425,211218,503848,176636,1
269975,183244,220305,260668,261299,269118,205633,449497,179522,266253,229192,188829,64342,22389,14672,55035,857,85874,48813,8450,8676,78055,40994,631,453219,1185547,480973,1
133412,137296,105066,183611,129310,105197,137151,147593,14181,10297,42527,36018,3739,145,32085,46460,28215,32099,131,78414,4102,7986,24244,54301,270708,519251,288677,1
123108,120742,110069,96427,112451,108986,111479,134661,11553,13919,24592,38234,11629,9263,1410,15052,14122,11756,1083,12559,10657,8291,2382,16024,243850,467577,206496,1
75165,81774,73446,103846,80141,74898,84934,113165,38000,31391,39719,9319,9769,3160,11488,18912,267,6876,1452,28948,4976,1633,6695,23705,156939,353138,177292,1
43266,43102,39936,38207,44281,43644,43197,34314,8952,8788,5622,3893,69,95,3261,4990,378,542,3708,5437,1015,1179,4345,6074,86368,165436,78143,1
107935,117849,107377,101322,112470,106840,98545,86915,21020,30934,20462,14407,9390,19304,8832,2777,1095,11009,537,5518,4535,5379,5093,11148,225784,404770,208699,1
85176,78278,76480,67701,85831,84256,72569,61643,23533,16635,14837,6058,12607,5709,3911,4868,920,5978,7776,16555,655,7553,9351,18130,163454,304299,144181,1
136283,122317,128425,107137,145135,147045,127533,153239,16956,30922,24814,46102,8750,5216,892,20396,10762,24728,18620,39908,8852,22818,16710,37998,258600,572952,235562,1
110075,108559,112983,158852,122093,119702,130367,189706,79631,81147,76723,30854,20292,21808,17384,28485,9627,11143,6719,39150,12018,13534,9110,36759,218634,561868,271835,1
77558,86065,70028,109911,75487,76161,72776,103683,26125,17618,33655,6228,4782,13289,2748,37135,1397,9904,6133,33750,2071,10578,5459,34424,163623,328107,179939,1
188425,195334,191551,210480,214654,212312,202959,421737,233312,226403,230186,211257,14534,7625,11408,7521,23887,16978,20761,1832,26229,19320,23103,4174,383759,1051662,402031,1
75097,79159,71140,79743,74306,77516,75664,58347,16750,20812,12793,21396,567,3495,4524,4079,2419,1643,6376,2227,791,4853,3166,5437,154256,285833,150883,1
73323,74817,65495,67077,71326,72361,70169,37611,35712,37206,27884,29466,3154,4648,4674,3092,962,2456,6866,5284,1997,3491,5831,4249,148140,251467,132572,1
119933,121872,121271,113684,132895,127031,127829,166944,47011,45072,45673,53260,7896,5957,6558,14145,7098,5159,5760,13347,12962,11023,11624,19211,241805,554699,234955,1
13403,12665,12024,27365,14708,15303,13314,20451,7048,7786,8427,6914,89,649,1290,14051,1900,2638,3279,12062,1305,2043,2684,12657,26068,63776,39389,1
102326,120630,107100,109859,115600,114684,111137,149056,46730,28426,41956,39197,8811,9493,4037,1278,12358,5946,7584,4825,13274,5030,8500,5741,222956,490477,216959,1
183805,165481,177255,121723,194084,185327,214646,229289,45484,63808,52034,107566,30841,49165,37391,92923,1522,19846,8072,63604,10279,28603,16829,72361,349286,823346,298978,1
144489,144071,120197,149334,138429,127570,143713,213393,68904,69322,93196,64059,776,358,23516,5621,16919,16501,7373,21764,6060,5642,18232,10905,288560,623105,269531,1
128650,128629,111737,158898,117005,125674,113153,172548,43898,43919,60811,13650,15497,15476,1416,45745,2976,2955,13937,33224,11645,11624,5268,41893,257279,528380,270635,1
46091,42475,46883,49750,47998,48534,43615,92807,46716,50332,45924,43057,2476,1140,3268,6135,2443,6059,1651,1216,1907,5523,1115,1752,88566,232954,96633,1
102619,110319,93488,131999,107704,107248,102104,128487,25868,18168,34999,3512,515,8215,8616,29895,4629,3071,13760,24751,5085,2615,14216,24295,212938,445543,225487,1
155558,170120,169952,155112,158101,168716,160280,173727,18169,3607,3775,18615,4722,9840,9672,5168,13158,1404,1236,13604,2543,12019,11851,2989,325678,660824,325064,1
149354,155339,143135,214034,146902,150594,153945,268739,119385,113400,125604,54705,4591,1394,10810,60089,1240,4745,7459,63440,2452,8437,3767,67132,304693,720180,357169,1
60195,58792,59858,98428,64001,62862,60392,102649,42454,43857,42791,4221,197,1600,534,38036,2667,4070,3004,35566,3806,5209,4143,34427,118987,289904,158286,1
18371,15116,18017,19803,15739,15378,15245,24795,6424,9679,6778,4992,3126,129,2772,4558,2993,262,2639,4425,2632,623,2278,4064,33487,71157,37820,1
36348,34510,32545,26600,37645,33681,31907,27443,8905,7067,5102,843,4441,2603,638,5307,2667,829,1136,7081,1297,3135,5100,11045,70858,130676,59145,1
42404,39070,38398,62104,39248,41237,33103,54431,12027,15361,16033,7673,9301,5967,5295,29001,1167,2167,2839,20867,3156,178,850,22856,81474,168019,100502,1
215730,219072,217696,267077,216351,205813,196952,391929,176199,172857,174233,124852,18778,22120,20744,70125,9917,13259,11883,61264,621,2721,1345,50726,434802,1011045,484773,1
294299,327654,288003,348880,304821,301771,290237,322244,27945,5410,34241,26636,4062,37417,2234,58643,7472,25883,13768,47109,10522,22833,16818,44059,621953,1219073,636883,1
153816,180131,157282,172017,144355,142986,140265,289193,135377,109062,131911,117176,13551,39866,17017,31752,10830,37145,14296,29031,9461,35776,12927,27662,333947,716799,329299,1
169907,182997,168194,167231,180261,188937,177698,222228,52321,39231,54034,54997,7791,5299,9504,10467,19030,5940,20743,21706,10354,2736,12067,13030,352904,769124,335425,1
225336,216029,218194,282942,218976,231166,224180,397746,172410,181717,179552,114804,1156,8151,5986,58762,5830,15137,12972,51776,6360,2947,782,63966,441365,1072068,501136,1
346476,290439,311516,393818,310415,306158,303266,425552,79076,135113,114036,31734,43210,12827,8250,90552,40318,15719,5358,87660,36061,19976,1101,83403,636915,1345391,705334,1
51031,57828,54510,60160,52983,54818,48289,111581,60550,53753,57071,51421,2742,9539,6221,11871,3787,3010,308,5342,1952,4845,1527,7177,108859,267671,114670,1
82763,86740,82380,86640,79284,82933,78066,128388,45625,41648,46008,41748,4697,8674,4314,8574,170,3807,553,3707,3479,7456,3096,7356,169503,368671,169020,1
261964,296913,263609,286645,284989,282711,286970,320725,58761,23812,57116,34080,25006,9943,23361,325,20747,14202,19102,3934,23025,11924,21380,1656,558877,1175395,550254,1
92961,112247,99812,125335,93092,101616,95745,140568,47607,28321,40756,15233,2784,16502,4067,29590,8655,10631,1804,23719,131,19155,6720,32243,205208,431021,225147,1
190712,188621,183132,179338,189709,179111,186485,166679,24033,21942,16453,12659,4227,2136,3353,7147,11601,9510,4021,227,1003,1088,6577,10371,379333,721984,362470,1
131473,139363,126833,144941,138112,138577,132933,140014,8541,651,13181,4927,1460,6430,6100,12008,7104,786,11744,6364,6639,1251,11279,6829,270836,549636,271774,1
49394,50495,46537,60109,49861,48184,49900,42449,6945,8046,4088,17660,506,595,3363,10209,1210,2311,1647,11925,467,634,3324,10248,99889,190394,106646,1
107944,120142,107650,174261,106955,112846,94955,144959,37015,24817,37309,29302,12989,25187,12695,79306,4902,7296,5196,61415,989,13187,695,67306,228086,459715,281911,1
75160,38968,62270,50409,76637,74530,47823,92708,17548,53740,30438,42299,27337,8855,14447,2586,630,35562,12260,24121,1477,37669,14367,26228,114128,291698,112679,1
182329,184490,186529,156247,195476,193671,198377,226512,44183,42022,39983,70265,16048,13887,11848,42130,11342,9181,7142,37424,13147,10986,8947,39229,366819,814036,342776,1
158355,166388,147136,129362,152651,152186,145229,214119,55764,47731,66983,84757,13126,21159,1907,15867,6169,14202,5050,22824,5704,13737,5515,23289,324743,664185,276498,1
83893,90408,80826,111141,88524,88709,90387,158008,74115,67600,77182,46867,6494,21,9561,20754,4816,1699,7883,22432,4631,1884,7698,22617,174301,425628,191967,1
203012,205322,215174,314991,221795,218152,220681,349478,146466,144156,134304,34487,17669,15359,5507,94310,15140,12830,2978,96839,18783,16473,6621,93196,408334,1010106,530165,1
68967,70530,66136,64830,70930,73439,70101,62943,6024,7587,3193,1887,1134,429,3965,5271,4472,2909,7303,8609,1963,400,4794,6100,139497,277413,130966,1
95544,81990,84909,93109,90965,87503,103014,169876,74332,87886,84967,76767,7470,21024,18105,9905,8041,5513,2594,5606,4579,8975,6056,2144,177534,451358,178018,1
25598,29362,30845,31133,31857,31502,28291,31477,5879,2115,632,344,2693,1071,2554,2842,5904,2140,657,369,6259,2495,1012,724,54960,123127,61978,1
142040,132007,135202,144010,140106,141124,144017,218044,76004,86037,82842,74034,1977,12010,8815,7,916,9117,5922,2886,1934,8099,4904,3904,274047,643291,279212,1
69183,65008,62192,96333,59993,63130,59313,72818,3635,7810,10626,23515,9870,5695,2879,37020,6053,1878,938,33203,9190,5015,2199,36340,134191,255254,158525,1
53596,57802,54741,60188,58503,58555,58106,53432,164,4370,1309,6756,4510,304,3365,2082,4959,753,3814,1633,4907,701,3762,1685,111398,228596,114929,1
97625,110263,104902,81849,105756,112697,112402,151099,53474,40836,46197,69250,14777,2139,7500,30553,15072,2434,7795,30848,8131,4507,854,23907,207888,481954,186751,1
23970,26845,33236,38841,27932,27874,28043,28058,4088,1213,5178,10783,4073,1198,5193,10798,3904,1029,5362,10967,3962,1087,5304,10909,50815,111907,72077,1
287916,237810,244361,265921,271902,282429,216682,396259,108343,158449,151898,130338,71234,21128,27679,49239,5487,44619,38068,16508,16014,34092,27541,5981,525726,1167272,510282,1
152253,175888,168198,218067,167110,164538,155632,291688,139435,115800,123490,73621,3379,20256,12566,62435,12285,11350,3660,53529,14857,8778,1088,50957,328141,778968,386265,1
71752,74836,72513,64466,84375,86247,90581,107332,35580,32496,34819,42866,18829,15745,18068,26115,14495,11411,13734,21781,12623,9539,11862,19909,146588,368535,136979,1
126391,139169,139188,115985,144770,141244,144169,207318,80927,68149,68130,91333,17778,5000,4981,28184,14853,2075,2056,25259,18379,5601,5582,28785,265560,637501,255173,1
110538,116519,104094,134797,106089,108254,108619,138088,27550,21569,33994,3291,1919,7900,4525,26178,2284,8265,4160,26543,4449,10430,1995,28708,227057,461050,238891,1
154455,155990,151338,159352,162268,168536,170682,176471,22016,20481,25133,17119,16227,14692,19344,11330,14081,12546,17198,9184,7813,6278,10930,2916,310445,677957,310690,1
120701,124910,114810,142765,119682,122720,118831,179575,58874,54665,64765,36810,1870,6079,4021,23934,2019,2190,7910,20045,1019,5228,4872,23083,245611,540808,257575,1
8158,9188,6993,19316,7538,7733,7791,19000,10842,9812,12007,316,367,1397,798,11525,425,1455,740,11583,620,1650,545,11778,17346,42062,26309,1
104224,120272,91137,129177,98245,101000,86809,118587,14363,1685,27450,10590,17415,33463,4328,42368,3224,19272,9863,28177,5979,22027,7108,30932,224496,404641,220314,1
153969,160389,138812,183203,154943,147107,151639,204874,50905,44485,66062,21671,2330,8750,12827,31564,6862,13282,8295,36096,974,5446,16131,28260,314358,658563,322015,1
80079,84278,88046,69724,87615,92679,95415,112891,32812,28613,24845,43167,15336,11137,7369,25691,12600,8401,4633,22955,7536,3337,431,17891,164357,388600,157770,1
95654,100849,104148,98528,99523,106996,100311,154412,58758,53563,50264,55884,4657,538,3837,1783,11342,6147,2848,8468,3869,1326,4625,995,196503,461242,202676,1
32000,32367,31331,23010,34535,37199,35267,60406,28406,28039,29075,37396,3267,2900,3936,12257,5199,4832,5868,14189,2535,2168,3204,11525,64367,167407,54341,1
97320,104737,99506,86638,103210,104415,107071,135016,37696,30279,35510,48378,9751,2334,7565,20433,7095,322,4909,17777,5890,1527,3704,16572,202057,449712,186144,1
163904,171389,145007,175765,172121,166502,174046,213512,49608,42123,68505,37747,10142,2657,29039,1719,2598,4887,21495,9263,8217,732,27114,3644,335293,726181,320772,1
128787,133681,125984,141417,126366,131607,119956,170185,41398,36504,44201,28768,8831,13725,6028,21461,2820,2074,5623,9810,2421,7315,382,15051,262468,548114,267401,1
78892,77034,68890,82961,76093,72575,77463,75945,2947,1089,7055,7016,1429,429,8573,5498,6317,4459,3685,10386,2799,941,7203,6868,155926,302076,151851,1
179258,190418,185086,211735,176331,185931,175631,256348,77090,65930,71262,44613,3627,14787,9455,36104,6673,4487,845,25804,2927,14087,8755,35404,369676,794241,396821,1
146102,171468,145305,176350,128146,145995,130672,221948,75846,50480,76643,45598,15430,40796,14633,45678,107,25473,690,30355,17956,43322,17159,48204,317570,626761,321655,1
171970,170369,168388,123524,182052,186046,193334,187815,15845,17446,19427,64291,21364,22965,24946,69810,14076,15677,17658,62522,10082,11683,13664,58528,342339,749247,291912,1
112097,122069,102851,132390,116445,118846,111712,124463,12366,2394,21612,7927,385,10357,8861,20678,6749,3223,15995,13544,4348,5624,13594,15945,234166,471466,235241,1
145809,150501,138499,147096,145957,132715,143494,197150,51341,46649,58651,50054,2315,7007,4995,3602,13094,17786,5784,14381,148,4544,7458,1139,296310,619316,285595,1
42201,33619,34124,40265,39706,38220,41403,72136,29935,38517,38012,31871,798,7784,7279,1138,3981,4601,4096,2045,2495,6087,5582,559,75820,191465,74389,1
118232,110803,115242,93984,128576,122351,121621,182120,63888,71317,66878,88136,3389,10818,6379,27637,4119,11548,7109,28367,10344,17773,13334,34592,229035,554668,209226,1
127504,149250,128823,114396,128449,143201,133548,194840,67336,45590,66017,80444,6044,15702,4725,19152,15697,6049,14378,28805,945,20801,374,14053,276754,600038,243219,1
76969,74999,70011,78619,73577,69215,75768,142159,65190,67160,72148,63540,1201,769,5757,2851,7754,5784,796,9404,3392,1422,3566,5042,151968,360719,148630,1
2662,2538,2394,1170,2636,2609,2654,18856,16194,16318,16462,17686,8,116,260,1484,53,71,215,1439,26,98,242,1466,5200,26755,3564,1
65940,62867,56958,78355,65313,61196,66184,115592,49652,52725,58634,37237,244,3317,9226,12171,4744,1671,4238,17159,627,2446,8355,13042,128807,308285,135313,1
23262,20754,21391,23763,22756,23119,25598,61731,38469,40977,40340,37968,2336,4844,4207,1835,143,2365,1728,644,506,2002,1365,1007,44016,133204,45154,1
52109,49748,44718,72214,46649,46746,48088,64231,12122,14483,19513,7983,4021,1660,3370,24126,5363,3002,2028,25468,5460,3099,1931,25565,101857,205714,116932,1
51945,50446,51784,43282,54502,59192,54387,90968,39023,40522,39184,47686,2442,3941,2603,11105,7247,8746,7408,15910,2557,4056,2718,11220,102391,259049,95066,1
146847,130854,129629,144059,136495,131396,133404,142044,4803,11190,12415,2015,13443,2550,3775,10655,15451,542,1767,12663,10352,5641,6866,7564,277701,543339,273688,1
199054,190139,185929,228478,190137,203135,208158,238203,39149,48064,52274,9725,9104,18019,22229,20320,4081,12996,17206,25343,8917,2,4208,38341,389193,839633,414407,1
69435,56709,62425,57818,61861,57095,61933,46113,23322,10596,16312,11705,7502,5224,492,4115,12340,386,5330,723,7574,5152,564,4043,126144,227002,120243,1
118367,123153,109647,98188,124034,124697,114848,141521,23154,18368,31874,43333,3519,8305,5201,16660,6330,1544,15050,26509,5667,881,14387,25846,241520,505100,207835,1
153451,161976,147109,178380,160444,157311,160020,137769,15682,24207,9340,40611,6569,1956,12911,18360,3860,4665,10202,21069,6993,1532,13335,17936,315427,615544,325489,1
159191,163699,138275,209248,145743,137676,145088,218736,59545,55037,80461,9488,14103,18611,6813,64160,21515,26023,599,71572,13448,17956,7468,63505,322890,647243,347523,1
56158,59555,58611,89350,60599,56156,57799,98083,41925,38528,39472,8733,1641,1756,812,31551,2,3399,2455,33194,4441,1044,1988,28751,115713,272637,147961,1
243128,278565,199428,311904,233484,232614,236259,348047,104919,69482,148619,36143,6869,42306,36831,75645,10514,45951,33186,79290,9644,45081,34056,78420,521693,1050404,511332,1
36611,35640,31460,24434,32935,32777,34479,25088,11523,10552,6372,654,2132,1161,3019,10045,3834,2863,1317,8343,3676,2705,1475,8501,72251,125279,55894,1
79740,73695,74573,90404,87359,88139,88456,97491,17751,23796,22918,7087,8716,14761,13883,1948,8399,14444,13566,2265,7619,13664,12786,3045,153435,361445,164977,1
158847,150058,171730,152974,169344,164012,166750,225641,66794,75583,53911,72667,7903,16692,4980,13776,5165,13954,7718,11038,10497,19286,2386,16370,308905,725747,324704,1
196241,178757,171037,181273,176719,177479,172337,205286,9045,26529,34249,24013,23904,6420,1300,8936,18762,1278,6442,3794,19522,2038,5682,4554,374998,731821,352310,1
174048,172852,178295,141569,185385,193300,186986,235310,61262,62458,57015,93741,12938,14134,8691,45417,19252,20448,15005,51731,11337,12533,7090,43816,346900,800981,319864,1
75588,88372,78219,133382,76500,82422,71318,142220,66632,53848,64001,8838,4270,17054,6901,62064,6834,5950,4203,50960,912,11872,1719,56882,163960,372460,211601,1
153282,146587,145086,140698,145855,142534,137250,156503,3221,9916,11417,15805,16032,9337,7836,3448,10748,4053,2552,1836,7427,732,769,5157,299869,582142,285784,1
113055,130209,121685,137147,122483,124058,116578,136573,23518,6364,14888,574,3523,13631,5107,20569,11003,6151,2373,13089,9428,7726,798,14664,243264,499692,258832,1
201305,200558,203598,261211,207393,219378,203658,292520,91215,91962,88922,31309,2353,3100,60,57553,18073,18820,15780,41833,6088,6835,3795,53818,401863,922949,464809,1
16394,18505,14392,15291,16865,15403,11988,13734,2660,4771,658,1557,4406,6517,2404,3303,991,3102,1011,112,471,1640,2473,1574,34899,57990,29683,1
156430,172230,145685,175043,158400,157807,143969,158582,2152,13648,12897,16461,12461,28261,1716,31074,1377,14423,12122,17236,1970,13830,12715,16643,328660,618758,320728,1
155095,120244,132050,182691,156095,155522,102849,165729,10634,45485,33679,16962,52246,17395,29201,79842,427,35278,23472,27169,1000,35851,24045,26596,275339,580195,314741,1
163331,167688,163555,186108,168177,170388,171113,179193,15862,11505,15638,6915,7782,3425,7558,14995,7057,2700,6833,15720,4846,489,4622,17931,331019,688871,349663,1
194978,202188,208170,202364,189829,212404,196456,279280,84302,77092,71110,76916,1478,5732,11714,5908,17426,10216,4234,10040,5149,12359,18341,12535,397166,877969,410534,1
138150,119806,130907,174684,133805,139646,106660,214901,76751,95095,83994,40217,31490,13146,24247,68024,1496,19840,8739,35038,4345,13999,2898,40879,257956,595012,305591,1
68307,74248,64098,75566,76096,75106,73633,84362,16055,10114,20264,8796,5326,615,9535,1933,6799,858,11008,460,7789,1848,11998,530,142555,309197,139664,1
61951,55086,60590,65660,61956,61351,66214,104772,42821,49686,44182,39112,4263,11128,5624,554,600,6265,761,4309,5,6870,1366,3704,117037,294293,126250,1
48101,38495,40916,56979,41099,44841,42224,72090,23989,33595,31174,15111,5877,3729,1308,14755,3260,6346,3925,12138,7002,2604,183,15880,86596,200254,97895,1
100335,95164,97220,85839,94592,93604,91664,146506,46171,51342,49286,60667,8671,3500,5556,5825,6731,1560,3616,7765,5743,572,2628,8753,195499,426366,183059,1
77453,96949,81834,89778,89585,94124,85981,87593,10140,9356,5759,2185,8528,10968,4147,3797,16671,2825,12290,4346,12132,7364,7751,193,174402,357283,171612,1
79172,79756,79988,80681,77604,76648,75521,34959,44213,44797,45029,45722,3651,4235,4467,5160,2524,3108,3340,4033,1568,2152,2384,3077,158928,264732,160669,1
147154,157489,150597,184838,156748,160159,150711,288763,141609,131274,138166,103925,3557,6778,114,34127,13005,2670,9562,24679,9594,741,6151,28090,304643,756381,335435,1
153411,167117,150586,159594,154962,143606,158930,269709,116298,102592,119123,110115,5519,8187,8344,664,9805,23511,6980,15988,1551,12155,4376,4632,320528,727207,310180,1
179009,136623,174149,132098,223028,215431,188013,156293,22716,19670,17856,24195,9004,51390,13864,55915,36422,78808,41282,83333,44019,86405,48879,90930,315632,782765,306247,1
70795,72100,56955,100840,65061,52194,54513,68927,1868,3173,11972,31913,16282,17587,2442,46327,18601,19906,4761,48646,5734,7039,8106,35779,142895,240695,157795,1
92426,99339,89642,91917,98099,96377,95437,82600,9826,16739,7042,9317,3011,3902,5795,3520,3951,2962,6735,4460,5673,1240,8457,6182,191765,372513,181559,1
59057,57557,52373,38626,52361,56565,50832,67853,8796,10296,15480,29227,8225,6725,1541,12206,2492,992,4192,17939,6696,5196,12,13735,116614,227611,90999,1
133273,137757,121570,130193,129163,136444,124631,136223,2950,1534,14653,6030,8642,13126,3061,5562,3171,1313,14874,6251,4110,8594,7593,1030,271030,526461,251763,1
113664,107899,109837,99754,113897,109813,108978,185664,72000,77765,75827,85910,4686,1079,859,9224,3851,1914,24,10059,233,5998,4060,14143,221563,518352,209591,1
73573,67106,65506,101909,80352,80108,68161,65839,7734,1267,333,36070,5412,1055,2655,33748,6535,13002,14602,21801,6779,13246,14846,21557,140679,294460,167415,1
60397,59344,60990,67396,60645,55173,58317,67953,7556,8609,6963,557,2080,1027,2673,9079,5224,4171,5817,12223,248,1301,345,6751,119741,242088,128386,1
51258,51668,47077,34330,51368,51197,53207,38230,13028,13438,8847,3900,1949,1539,6130,18877,61,471,4120,16867,110,300,4291,17038,102926,194002,81407,1
178486,183135,180698,183305,188752,192427,194470,268821,90335,85686,88123,85516,15984,11335,13772,11165,13941,9292,11729,9122,10266,5617,8054,5447,361621,844470,364003,1
98331,115179,107588,118356,123564,119356,127448,130521,32190,15342,22933,12165,29117,12269,19860,9092,21025,4177,11768,1000,25233,8385,15976,5208,213510,500889,225944,1
138840,147660,150752,145150,148549,155908,155052,192481,53641,44821,41729,47331,16212,7392,4300,9902,17068,8248,5156,10758,9709,889,2203,3399,286500,651990,295902,1
117256,125151,116656,117309,119264,125552,120859,167312,50056,42161,50656,50003,3603,4292,4203,3550,8296,401,8896,8243,2008,5887,2608,1955,242407,532987,233965,1
211645,208886,209156,227382,201796,200528,195509,212350,705,3464,3194,15032,16136,13377,13647,31873,11117,8358,8628,26854,9849,7090,7360,25586,420531,810183,436538,1
143598,146471,130306,149528,147074,142094,140051,203311,59713,56840,73005,53783,3547,6420,9745,9477,1504,4377,11788,7434,3476,603,16768,2454,290069,632530,279834,1
141996,166704,148509,174519,146871,154175,140414,120703,21293,46001,27806,53816,1582,26290,8095,34105,12179,12529,5666,20344,4875,19833,1638,27648,308700,562163,323028,1
121335,138499,119641,127367,123034,128444,109926,147197,25862,8698,27556,19830,11409,28573,9715,17441,7109,10055,8803,1077,1699,15465,3393,4333,259834,508601,247008,1
118606,119284,129878,114169,131494,134908,137871,165740,47134,46456,35862,51571,19265,18587,7993,23702,16302,15624,5030,20739,12888,12210,1616,17325,237890,570013,244047,1
127177,134440,129078,100176,139824,138742,131950,129736,2559,4704,658,29560,4773,2490,2872,31774,11565,4302,9664,38566,12647,5384,10746,39648,261617,540252,229254,1
63486,67031,74887,52022,79298,77265,90604,110760,47274,43729,35873,58738,27118,23573,15717,38582,13779,10234,2378,25243,15812,12267,4411,27276,130517,357927,126909,1
27821,27015,24289,16618,28330,25899,28222,11394,16427,15621,12895,5224,401,1207,3933,11604,1922,1116,1610,9281,509,1315,4041,11712,54836,93845,40907,1
238172,222603,217258,254844,233382,229914,239571,431417,193245,208814,214159,176573,1399,16968,22313,15273,8258,7311,12656,24930,4790,10779,16124,21462,460775,1134284,472102,1
151990,152422,142906,147197,150061,139148,149161,177209,25219,24787,34303,30012,2829,3261,6255,1964,12842,13274,3758,8049,1929,2361,7155,2864,304412,615579,290103,1
38539,41387,41369,37640,43706,47526,40920,89114,50575,47727,47745,51474,2381,467,449,3280,8987,6139,6157,9886,5167,2319,2337,6066,79926,221266,79009,1
200593,213135,196918,298885,185148,200775,192096,198567,2026,14568,1649,100318,8497,21039,4822,106789,182,12360,3857,98110,15445,27987,11770,113737,413728,776586,495803,1
134521,148159,129722,164200,142301,151119,131937,123417,11104,24742,6305,40783,2584,16222,2215,32263,16598,2960,21397,13081,7780,5858,12579,21899,282680,548774,293922,1
29381,26901,28402,30094,30248,32302,29780,22057,7324,4844,6345,8037,399,2879,1378,314,2921,5401,3900,2208,867,3347,1846,154,56282,114387,58496,1
173225,179156,162958,235567,159669,165579,155363,213674,40449,34518,50716,21893,17862,23793,7595,80204,7646,13577,2621,69988,13556,19487,3289,75898,352381,694285,398525,1
55108,52072,47480,40677,54011,50415,52308,98206,43098,46134,50726,57529,2800,236,4828,11631,4693,1657,2935,9738,1097,1939,6531,13334,107180,254940,88157,1
152408,164436,149424,187594,146647,157077,153403,206305,53897,41869,56881,18711,995,11033,3979,34191,4669,7359,7653,30517,5761,17789,2777,40947,316844,663432,337018,1
106571,125431,100677,124160,106549,112431,101999,120000,13429,5431,19323,4160,4572,23432,1322,22161,5860,13000,11754,11729,22,18882,5872,17611,232002,440979,224837,1
145618,137699,139974,158275,135819,138668,126453,234517,88899,96818,94543,76242,19165,11246,13521,31822,6950,969,1306,19607,9799,1880,4155,22456,283317,635457,298249,1
142149,159813,138179,210045,139815,144441,139023,191391,49242,31578,53212,18654,3126,20790,844,71022,2292,15372,6262,65604,2334,19998,1636,70230,301962,614670,348224,1
52671,47236,52759,58075,54999,53463,56072,51224,1447,3988,1535,6851,3401,8836,3313,2003,792,6227,704,4612,2328,7763,2240,3076,99907,215758,110834,1
176265,179505,179820,195043,193861,185120,192438,322052,145787,142547,142232,127009,16173,12933,12618,2605,8855,5615,5300,9923,17596,14356,14041,1182,355770,893471,374863,1
252786,244164,221983,293444,241290,228225,228761,260699,7913,16535,38716,32745,24025,15403,6778,64683,24561,15939,6242,65219,11496,2874,19307,52154,496950,958975,515427,1
208689,217329,206165,192185,219408,216784,212533,182967,25722,34362,23198,9218,3844,4796,6368,20348,8095,545,10619,24599,10719,2079,13243,27223,426018,831692,398350,1
109493,80579,95650,87297,113903,112783,84286,115296,5803,34717,19646,27999,25207,3707,11364,3011,3290,32204,17133,25486,4410,33324,18253,26606,190072,426268,182947,1
98881,110387,100398,117367,107795,110850,89780,133868,34987,23481,33470,16501,9101,20607,10618,27587,11969,463,10452,6517,8914,2592,7397,9572,209268,442293,217765,1
234775,231994,207031,210533,218772,226902,225861,309197,74422,77203,102166,98664,8914,6133,18830,15328,7873,5092,19871,16369,16003,13222,11741,8239,466769,980732,417564,1
59559,62904,57294,49066,58470,63589,59074,71937,12378,9033,14643,22871,485,3830,1780,10008,4030,685,6295,14523,1089,4434,1176,9404,122463,253070,106360,1
105656,127825,123363,134997,117934,117334,109965,127241,21585,584,3878,7756,4309,17860,13398,25032,11678,10491,6029,17663,12278,9891,5429,17063,233481,472474,258360,1
99023,104751,95594,91251,106250,98025,100860,131334,32311,26583,35740,40083,1837,3891,5266,9609,998,6726,2431,6774,7227,1499,10656,14999,203774,436469,186845,1
112679,109576,113526,131534,107224,107539,110111,166187,53508,56611,52661,34653,2568,535,3415,21423,5140,2037,5987,23995,5455,2352,6302,24310,222255,491061,245060,1
79293,81652,77889,90060,81585,78196,77788,135520,56227,53868,57631,45460,1505,3864,101,12272,1097,3456,307,11864,2292,67,3696,8475,160945,373089,167949,1
106975,110748,94448,115196,97754,100469,85903,120183,13208,9435,25735,4987,21072,24845,8545,29293,6506,10279,6021,14727,9221,12994,3306,17442,217723,404309,209644,1
79928,80865,68664,125784,71276,67851,71358,137002,57074,56137,68338,11218,8570,9507,2694,54426,12077,13014,813,57933,8652,9589,2612,54508,160793,347487,194448,1
230314,227621,219739,242493,218923,221127,220176,256278,25964,28657,36539,13785,10138,7445,437,22317,9187,6494,1388,21366,11391,8698,816,23570,457935,916504,462232,1
72033,67884,63961,35825,69510,60630,65190,47226,24807,20658,16735,11401,6843,2694,1229,29365,11403,7254,3331,24805,2523,1626,5549,33685,139917,242556,99786,1
90238,92082,81910,94865,91197,90570,87524,115287,25049,23205,33377,20422,2714,4558,5614,7341,332,1512,8660,4295,959,885,9287,3668,182320,384578,176775,1
130271,120385,130953,151030,132273,138717,149056,236193,105922,115808,105240,85163,18785,28671,18103,1974,8446,18332,7764,12313,2002,11888,1320,18757,250656,656239,281983,1
174200,185875,165733,187416,178085,185226,162354,188222,14022,2347,22489,806,11846,23521,3379,25062,11026,649,19493,2190,3885,7790,12352,9331,360075,713887,353149,1
29676,29533,24215,52073,27629,26225,25196,47528,17852,17995,23313,4545,4480,4337,981,26877,3451,3308,2010,25848,2047,1904,3414,24444,59209,126578,76288,1
84369,80843,83947,82254,86924,92670,80073,78675,5694,2168,5272,3579,4296,770,3874,2181,8301,11827,8723,10416,2555,6081,2977,4670,165212,338342,166201,1
31786,28636,25340,31471,30180,28729,27583,47813,16027,19177,22473,16342,4203,1053,2243,3888,3057,93,3389,2742,1606,1544,4840,1291,60422,134305,56811,1
13346,11325,9315,18146,12134,11203,10684,17227,3881,5902,7912,919,2662,641,1369,7462,2143,122,1888,6943,1212,809,2819,6012,24671,51248,27461,1
48079,52094,40804,57544,45524,45323,41627,62643,14564,10549,21839,5099,6452,10467,823,15917,2756,6771,4519,12221,2555,6570,4720,12020,100173,195117,98348,1
78593,72890,67542,87716,80814,65894,72280,133702,55109,60812,66160,45986,6313,610,4738,15436,12699,6996,1648,21822,2221,7924,13272,6902,151483,352690,155258,1
126746,122421,129872,125874,129242,125904,122009,180986,54240,58565,51114,55112,4737,412,7863,3865,842,3483,3968,30,2496,6821,630,3368,249167,558141,255746,1
67882,72515,59657,67625,65282,65967,67686,90983,23101,18468,31326,23358,196,4829,8029,61,1915,6548,6310,1658,2600,7233,5625,2343,140397,289918,127282,1
23456,28123,20302,34919,26232,25653,23082,49078,25622,20955,28776,14159,374,5041,2780,11837,2197,2470,5351,9266,2776,1891,5930,8687,51579,124045,55221,1
100593,117160,111917,92676,111923,106158,104090,70954,29639,46206,40963,21722,3497,13070,7827,11414,5565,11002,5759,13482,11330,5237,6,19247,217753,393125,204593,1
82158,90262,76390,96021,82948,82331,75265,139671,57513,49409,63281,43650,6893,14997,1125,20756,173,7931,5941,13690,790,7314,6558,13073,172420,380215,172411,1
62063,67339,55836,124414,66173,65819,66262,90881,28818,23542,35045,33533,4199,1077,10426,58152,3756,1520,9983,58595,4110,1166,10337,58241,129402,289135,180250,1
149475,160993,144139,172836,149325,154234,135959,136693,12782,24300,7446,36143,13516,25034,8180,36877,4759,6759,10095,18602,150,11668,5186,23511,310468,576211,316975,1
136428,132200,131876,172445,135498,140627,141539,163780,27352,31580,31904,8665,5111,9339,9663,30906,4199,8427,8751,31818,930,3298,3622,36947,268628,581444,304321,1
140682,153442,136414,207190,142004,143862,143497,232895,92213,79453,96481,25705,2815,9945,7083,63693,3180,9580,7448,63328,1322,11438,5590,65186,294124,662258,343604,1
55717,63259,55475,94385,61481,62298,56053,100452,44735,37193,44977,6067,336,7206,578,38332,6581,961,6823,32087,5764,1778,6006,32904,118976,280284,149860,1
126587,134954,120769,145163,126876,130779,132841,129381,2794,5573,8612,15782,6254,2113,12072,12322,4192,4175,10010,14384,289,8078,6107,18287,261541,519877,265932,1
233432,194922,207589,219614,235950,246639,171404,374290,140858,179368,166701,154676,62028,23518,36185,48210,13207,51717,39050,27025,2518,41028,28361,16336,428354,1028283,427203,1
21664,22307,21347,23468,22606,22101,22211,30980,9316,8673,9633,7512,547,96,864,1257,437,206,754,1367,942,299,1259,862,43971,97898,44815,1
138189,142225,135010,156649,137561,144908,139480,177230,39041,35005,42220,20581,1291,2745,4470,17169,6719,2683,9898,11741,628,4664,2551,19088,280414,599179,291659,1
82311,69273,70621,98240,73591,72342,72939,164762,82451,95489,94141,66522,9372,3666,2318,25301,9969,3069,1721,25898,8720,4318,2970,24649,151584,383634,168861,1
186321,175994,183630,181664,181876,185206,186714,163611,22710,12383,20019,18053,393,10720,3084,5050,1115,9212,1576,3542,4445,5882,1754,212,362315,717407,365294,1
55460,49643,52980,57823,55715,52799,54946,85039,29579,35396,32059,27216,514,5303,1966,2877,2661,3156,181,5024,255,6072,2735,2108,105103,248499,110803,1
83872,88430,75015,99553,83666,79704,81618,67562,16310,20868,7453,31991,2254,6812,6603,17935,4168,8726,4689,19849,206,4764,8651,15887,172302,312550,174568,1
103666,105303,96543,111072,101289,104023,107392,122030,18364,16727,25487,10958,3726,2089,10849,3680,357,1280,7480,7049,2377,4014,4746,9783,208969,434734,207615,1
192589,212410,202630,176521,205299,205511,199427,324745,132156,112335,122115,148224,6838,12983,3203,22906,12922,6899,2881,28990,12710,7111,2669,28778,404999,934982,379151,1
79991,81604,70838,126790,77746,75454,69387,119087,39096,37483,48249,7703,10604,12217,1451,57403,4537,6150,4616,51336,2245,3858,6908,49044,161595,341674,197628,1
123768,125155,117317,170928,117263,116526,109649,179200,55432,54045,61883,8272,14119,15506,7668,61279,7242,8629,791,54402,6505,7892,54,53665,248923,522638,288245,1
111314,123263,98450,118139,113730,116801,111040,143001,31687,19738,44551,24862,274,12223,12590,7099,5487,6462,18351,1338,2416,9533,15280,4409,234577,484572,216589,1
243475,246123,228825,322115,231313,240011,219402,384147,140672,138024,155322,62032,24073,26721,9423,102713,3464,6112,11186,82104,12162,14810,2488,90802,489598,1074873,550940,1
199582,186080,186684,224966,190222,182012,176104,238427,38845,52347,51743,13461,23478,9976,10580,48862,17570,4068,4672,42954,9360,4142,3538,34744,385662,786765,411650,1
100341,104616,90180,102499,97525,98647,90597,87164,13177,17452,3016,15335,9744,14019,417,11902,1694,5969,8467,3852,2816,7091,7345,4974,204957,373933,192679,1
134465,128301,122954,118790,143837,129995,149710,230808,96343,102507,107854,112018,15245,21409,26756,30920,4470,1694,7041,11205,9372,15536,20883,25047,262766,654350,241744,1
133852,128877,119557,129552,138259,134406,134141,116537,17315,12340,3020,13015,289,5264,14584,4589,554,5529,14849,4854,4407,9382,18702,8707,262729,523343,249109,1
77295,66186,65677,64064,69044,65525,67905,61182,16113,5004,4495,2882,9390,1719,2228,3841,11770,661,152,1461,8251,2858,3367,4980,143481,263656,129741,1
236619,249882,210041,329959,217313,229920,200045,293683,57064,43801,83642,36276,36574,49837,9996,129914,6699,19962,19879,100039,19306,32569,7272,112646,486501,940961,540000,1
73760,78700,65832,88866,73166,72112,76470,106639,32879,27939,40807,17773,2710,2230,10638,12396,1648,6588,6280,16754,594,5534,7334,15700,152460,328387,154698,1
118870,133916,118316,107912,124267,123232,122475,138347,19477,4431,20031,30435,3605,11441,4159,14563,4362,10684,4916,15320,5397,9649,5951,16355,252786,508321,226228,1
151059,141273,146112,142606,148495,150453,149320,139040,12019,2233,7072,3566,1739,8047,3208,6714,606,9180,4341,7847,2564,7222,2383,5889,292332,587308,288718,1
14252,14490,12782,10183,14268,13821,14340,18870,4618,4380,6088,8687,88,150,1558,4157,431,669,1039,3638,16,222,1486,4085,28742,61299,22965,1
120488,123231,108407,163143,111622,121308,114033,106176,14312,17055,2231,56967,6455,9198,5626,49110,820,1923,12901,41835,8866,11609,3215,51521,243719,453139,271550,1
15581,14151,16155,22424,20117,21060,21224,37746,22165,23595,21591,15322,5643,7073,5069,1200,5479,6909,4905,1364,4536,5966,3962,2307,29732,100147,38579,1
131010,124599,126538,151079,128539,122417,128344,228096,97086,103497,101558,77017,2666,3745,1806,22735,8593,2182,4121,28662,2471,3940,2001,22540,255609,607396,277617,1
149051,148993,139418,190391,155273,159382,142065,333711,184660,184718,194293,143320,6986,6928,2647,48326,10331,10389,19964,31009,6222,6280,15855,35118,298044,790431,329809,1
150299,156675,144046,228055,152476,157529,145587,168772,18473,12097,24726,59283,4712,11088,1541,82468,7230,854,13483,70526,2177,4199,8430,75579,306974,624364,372101,1
210237,208431,195624,250732,205973,198935,202286,311505,101268,103074,115881,60773,7951,6145,6662,48446,11302,9496,3311,51797,4264,2458,10349,44759,418668,918699,446356,1
151094,168943,154403,156471,173752,174227,172942,317888,166794,148945,163485,161417,21848,3999,18539,16471,23133,5284,19824,17756,22658,4809,19349,17281,320037,838809,310874,1
69658,76462,77723,72384,78092,83986,85281,96731,27073,20269,19008,24347,15623,8819,7558,12897,14328,7524,6263,11602,8434,1630,369,5708,146120,344090,150107,1
43111,47287,50963,50833,49238,52187,50677,58092,14981,10805,7129,7259,7566,3390,286,156,9076,4900,1224,1354,6127,1951,1725,1595,90398,210194,101796,1
156274,183785,160215,213862,174289,176285,162416,229338,73064,45553,69123,15476,6142,21369,2201,51446,20011,7500,16070,37577,18015,9496,14074,39573,340059,742328,374077,1
167080,183174,171583,225268,168384,185603,167622,269736,102656,86562,98153,44468,542,15552,3961,57646,18523,2429,14020,39665,1304,14790,3199,56884,350254,791345,396851,1
151455,164492,134063,138629,153082,144603,144551,238380,86925,73888,104317,99751,6904,19941,10488,5922,6852,19889,10540,5974,1627,11410,19019,14453,315947,680616,272692,1
58084,56775,54156,74769,58764,62712,58707,89714,31630,32939,35558,14945,623,1932,4551,16062,4628,5937,8556,12057,680,1989,4608,16005,114859,269897,128925,1
107527,87593,90348,128792,95454,98899,98703,106798,729,19205,16450,21994,8824,11110,8355,30089,8628,11306,8551,29893,12073,7861,5106,33338,195120,399854,219140,1
125232,123492,119142,157895,114662,122735,113895,154245,29013,30753,35103,3650,11337,9597,5247,44000,2497,757,3593,35160,10570,8830,4480,43233,248724,505537,277037,1
100075,107380,91317,128147,100429,99626,98809,122142,22067,14762,30825,6005,1266,8571,7492,29338,449,7754,8309,28521,354,6951,9112,27718,207455,421006,219464,1
179962,186375,198732,244966,204547,193717,199602,269992,90030,83617,71260,25026,19640,13227,870,45364,13755,7342,5015,51249,24585,18172,5815,40419,366337,867858,443698,1
61942,56573,58081,86961,48100,51742,52320,94689,32747,38116,36608,7728,9622,4253,5761,34641,10200,4831,6339,35219,13842,8473,9981,38861,118515,246851,145042,1
134437,136723,128057,179473,139921,143438,129940,312744,178307,176021,184687,133271,4497,6783,1883,49533,9001,6715,15381,36035,5484,3198,11864,39552,271160,726043,307530,1
79723,85242,86617,80106,87417,88329,86785,117189,37466,31947,30572,37083,7062,1543,168,6679,8606,3087,1712,8223,7694,2175,800,7311,164965,379720,166723,1
43868,41549,41177,32360,44589,40528,42075,56679,12811,15130,15502,24319,1793,526,898,9715,3340,1021,649,8168,721,3040,3412,12229,85417,183871,73537,1
205305,193701,208347,161903,214812,210358,211441,345538,140233,151837,137191,183635,6136,17740,3094,49538,5053,16657,2011,48455,9507,21111,6465,52909,399006,982149,370250,1
156654,150682,165947,189177,153558,176325,172774,221028,64374,70346,55081,31851,16120,22092,6827,16403,19671,25643,10378,12852,3096,2876,12389,35619,307336,723685,355124,1
90181,103281,103415,126072,104871,105843,109856,103168,12987,113,247,22904,19675,6575,6441,16216,15662,2562,2428,20229,14690,1590,1456,21201,193462,423738,229487,1
59591,67287,59530,82627,56743,55188,53639,42496,17095,24791,17034,40131,5952,13648,5891,28988,4403,12099,4342,27439,2848,10544,2787,25884,126878,208066,142157,1
114764,107120,105417,102817,106169,99689,98588,128963,14199,21843,23546,26146,16176,8532,6829,4229,15075,7431,5728,3128,8595,951,752,3352,221884,433409,208234,1
41276,42209,37463,49982,37459,33958,34099,15851,25425,26358,21612,34131,7177,8110,3364,15883,7318,8251,3505,16024,3817,4750,4,12523,83485,121367,87445,1
113597,122984,124414,108730,125056,123031,122561,101447,12150,21537,22967,7283,8964,423,1853,13831,9434,47,1383,14301,11459,2072,642,16326,236581,472095,233144,1
147301,156669,132249,153724,141995,137148,136173,185502,38201,28833,53253,31778,11128,20496,3924,17551,10153,19521,4899,16576,5306,14674,9746,11729,303970,600818,285973,1
174010,176632,153710,139079,178334,170879,186496,321672,147662,145040,167962,182593,12486,9864,32786,47417,3131,5753,17169,31800,4324,1702,24624,39255,350642,857381,292789,1
77688,69457,77797,75279,90053,72693,92914,112674,34986,43217,34877,37395,15226,23457,15117,17635,4995,3236,5104,2586,12365,20596,12256,14774,147145,368334,153076,1
180104,204590,158471,172065,177958,176102,169529,190855,10751,13735,32384,18790,10575,35061,11058,2536,4002,28488,17631,4037,2146,26632,19487,5893,384694,714444,330536,1
187585,167766,169071,125286,199786,169129,184556,173032,14553,5266,3961,47746,3029,16790,15485,59270,18456,1363,58,43843,12201,32020,30715,74500,355351,726503,294357,1
67394,71715,59042,76492,70377,68888,67962,58996,8398,12719,46,17496,568,3753,8920,8530,1494,2827,9846,7604,2983,1338,11335,6115,139109,266223,135534,1
163125,169525,151366,171661,155754,151273,150569,146072,17053,23453,5294,25589,12556,18956,797,21092,11852,18252,93,20388,7371,13771,4388,15907,332650,603668,323027,1
210326,216728,208443,237152,211944,224137,215179,299993,89667,83265,91550,62841,4853,1549,6736,21973,13811,7409,15694,13015,1618,4784,3501,25208,427054,951253,445595,1
93325,86534,90446,105750,96312,95536,89195,172964,79639,86430,82518,67214,4130,2661,1251,16555,2211,9002,5090,10214,2987,9778,5866,9438,179859,454007,196196,1
90291,87635,86738,90613,91637,96294,85559,84349,5942,3286,2389,6264,4732,2076,1179,5054,6003,8659,9556,5681,1346,4002,4899,1024,177926,357839,177351,1
197245,185478,174257,181284,187027,184780,182315,290797,93552,105319,116540,109513,14930,3163,8058,1031,12465,698,10523,3496,10218,1549,12770,5743,382723,844919,355541,1
8131,8113,7374,8869,8250,8177,8769,25114,16983,17001,17740,16245,638,656,1395,100,46,64,803,692,119,137,876,619,16244,50310,16243,1
152547,171779,162173,213500,165440,164235,168952,248926,96379,77147,86753,35426,16405,2827,6779,44548,11688,7544,2062,49265,12893,6339,3267,48060,324326,747553,375673,1
41356,35002,35611,36531,41895,38919,35488,54889,13533,19887,19278,18358,5868,486,123,1043,2437,3917,3308,2388,539,6893,6284,5364,76358,171191,72142,1
89906,86048,80876,94474,87719,80392,88583,127761,37855,41713,46885,33287,1323,2535,7707,5891,9514,5656,484,14082,2187,1671,6843,6755,175954,384455,175350,1
212173,244002,213903,299163,200834,223435,189618,269801,57628,25799,55898,29362,22555,54384,24285,109545,11262,20567,9532,75728,11339,43168,13069,98329,456175,883688,513066,1
183586,200922,192648,153657,193316,195058,193531,210203,26617,9281,17555,56546,9945,7391,883,39874,11472,5864,2410,41401,9730,7606,668,39659,384508,792108,346305,1
147988,170900,147739,190907,148422,156601,145844,159459,11471,11441,11720,31448,2144,25056,1895,45063,8613,14299,8862,34306,434,22478,683,42485,318888,610326,338646,1
128125,146651,120676,181920,129215,125652,123534,169497,41372,22846,48821,12423,4591,23117,2858,58386,2473,20999,4976,56268,1090,17436,8539,52705,274776,547898,302596,1
59315,58155,48324,69057,54067,51530,52743,113078,53763,54923,64754,44021,6572,5412,4419,16314,7785,6625,3206,17527,5248,4088,5743,14990,117470,271418,117381,1
4851,5468,4902,3476,5399,5306,4886,18615,13764,13147,13713,15139,35,582,16,1410,455,162,404,1830,548,69,497,1923,10319,34206,8378,1
101322,112934,93650,151625,110506,99115,102581,115402,14080,2468,21752,36223,1259,10353,8931,49044,2207,13819,5465,52510,9184,2428,16856,41119,214256,427604,245275,1
46663,48294,46695,61428,47929,48521,47373,31857,14806,16437,14838,29571,710,921,678,14055,1858,227,1826,12907,1266,365,1234,13499,94957,175680,108123,1
99413,113193,91129,136931,99962,102903,96741,154049,54636,40856,62920,17118,2672,16452,5612,40190,3490,10290,11774,34028,549,13231,8833,36969,212606,453655,228060,1
40930,40405,42174,33076,42742,42392,41382,46392,5462,5987,4218,13316,452,977,792,8306,1462,1987,218,9316,1812,2337,568,9666,81335,172908,75250,1
155659,151807,143525,149965,145461,145900,142924,126804,28855,25003,16721,23161,12735,8883,601,7041,9759,5907,2375,4065,10198,6346,1936,4504,307466,561089,293490,1
143758,125456,127295,173415,125205,130922,104213,235005,91247,109549,107710,61590,39545,21243,23082,69202,12836,5466,3627,42493,18553,251,2090,48210,269214,595345,300710,1
19476,20173,19764,20560,22410,21828,22642,24559,5083,4386,4795,3999,3166,2469,2878,2082,2352,1655,2064,1268,2934,2237,2646,1850,39649,91439,40324,1
106096,109392,103327,91814,108639,103765,103232,142001,35905,32609,38674,50187,2864,6160,95,11418,2331,5627,438,11951,2543,753,5312,16825,215488,457637,195141,1
67591,70225,67105,60003,66496,67898,63995,55437,12154,14788,11668,4566,3596,6230,3110,3992,307,2327,793,7895,1095,3729,609,6493,137816,253826,127108,1
133991,144091,135595,182515,136486,144907,134281,236419,102428,92328,100824,53904,290,9810,1314,48234,10916,816,9312,37608,2495,7605,891,46029,278082,652093,318110,1
76468,68691,72365,69720,82288,85579,102490,158093,81625,89402,85728,88373,26022,33799,30125,32770,9111,16888,13214,15859,5820,13597,9923,12568,145159,428450,142085,1
191999,215804,205610,234025,192654,199344,176210,264216,72217,48412,58606,30191,15789,39594,29400,57815,7345,16460,6266,34681,655,23150,12956,41371,407803,832424,439635,1
121209,132257,120334,167903,119451,119454,119917,156169,34960,23912,35835,11734,1292,12340,417,47986,1755,12803,880,48449,1758,12806,883,48452,253466,514991,288237,1
141251,147312,133083,155366,135163,134917,125676,147445,6194,133,14362,7921,15575,21636,7407,29690,6334,12395,1834,20449,6088,12149,2080,20203,288563,543201,288449,1
71463,76129,70893,96368,77441,76369,80819,67050,4413,9079,3843,29318,9356,4690,9926,15549,4906,240,5476,19999,5978,1312,6548,18927,147592,301679,167261,1
67796,72483,71245,86884,74937,71095,76962,93570,25774,21087,22325,6686,9166,4479,5717,9922,3299,1388,150,15789,7141,2454,3692,11947,140279,316564,158129,1
140216,132298,123996,152053,129885,121018,126102,123255,16961,9043,741,28798,14114,6196,2106,25951,19198,11280,2978,31035,10331,2413,5889,22168,272514,500260,276049,1
120878,123278,110462,133510,116047,114345,118217,92981,27897,30297,17481,40529,2661,5061,7755,15293,6533,8933,3883,19165,4831,7231,5585,17463,244156,441590,243972,1
135951,126455,135879,178931,126720,133942,131403,177701,41750,51246,41822,1230,4548,4948,4476,47528,2009,7487,1937,44989,9231,265,9159,52211,262406,569766,314810,1
130850,134932,121593,243411,130880,137301,123387,197130,66280,62198,75537,46281,7463,11545,1794,120024,6451,2369,15708,106110,30,4052,9287,112531,265782,588698,365004,1
63373,67082,57760,87260,65262,62260,63749,95373,32000,28291,37613,8113,376,3333,5989,23511,1113,4822,4500,25000,1889,1820,7502,21998,130455,286644,145020,1
207509,253292,160380,253137,195863,182237,198714,307569,100060,54277,147189,54432,8795,54578,38334,54423,25272,71055,21857,70900,11646,57429,35483,57274,460801,884383,413517,1
137620,153234,143959,185853,148738,149930,151598,168880,31260,15646,24921,16973,13978,1636,7639,34255,12310,3304,5971,35923,11118,4496,4779,37115,290854,619146,329812,1
48084,41984,49437,59354,53239,47706,47612,101666,53582,59682,52229,42312,472,5628,1825,11742,378,5722,1731,11648,5155,11255,3802,6115,90068,250223,108791,1
255591,229976,227903,245807,238760,247799,213917,365805,110214,135829,137902,119998,41674,16059,13986,31890,7792,17823,19896,1992,16831,8784,10857,7047,485567,1066281,473710,1
152744,156037,143914,199123,148852,152486,145739,254544,101800,98507,110630,55421,7005,10298,1825,53384,258,3551,8572,46637,3892,7185,4938,50271,308781,701621,343037,1
119480,126166,120853,138885,123514,123839,112022,169159,49679,42993,48306,30274,7458,14144,8831,26863,4359,2327,2986,15046,4034,2652,2661,15371,245646,528534,259738,1
141827,150099,149638,113639,161127,162073,156116,207216,65389,57117,57578,93577,14289,6017,6478,42477,20246,11974,12435,48434,19300,11028,11489,47488,291926,686532,263277,1
44917,54075,43888,49476,43644,46512,40518,59370,14453,5295,15482,9894,4399,13557,3370,8958,1595,7563,2624,2964,1273,10431,244,5832,98992,190044,93364,1
141625,140301,141114,130522,161131,146604,169348,195966,54341,55665,54852,65444,27723,29047,28234,38826,4979,6303,5490,16082,19506,20830,20017,30609,281926,673049,271636,1
55737,62638,48813,55998,53666,54871,50585,92344,36607,29706,43531,36346,5152,12053,1772,5413,866,7767,6058,1127,2071,8972,4853,2332,118375,251466,104811,1
153778,160850,149439,221330,151190,158300,138319,200002,46224,39152,50563,21328,15459,22531,11120,83011,4522,2550,8861,63030,2588,9660,1751,70140,314628,647811,370769,1
173797,185732,171012,166544,177028,170828,168367,189426,15629,3694,18414,22882,5430,17365,2645,1823,2969,14904,184,4284,3231,8704,6016,10484,359529,705649,337556,1
77856,68961,69268,91803,77858,82533,80008,119111,41255,50150,49843,27308,2152,11047,10740,11795,4677,13572,13265,9270,2,8897,8590,13945,146817,359510,161071,1
103087,109845,96990,119778,106364,104754,96154,165122,62035,55277,68132,45344,6933,13691,836,23624,1667,5091,7764,15024,3277,3481,9374,13414,212932,472394,216768,1
112476,117401,98932,125214,113440,105940,114517,150215,37739,32814,51283,25001,2041,2884,15585,10697,6536,11461,7008,19274,964,3961,14508,11774,229877,484112,224146,1
119766,125691,106926,141932,122606,115316,121379,153095,33329,27404,46169,11163,1613,4312,14453,20553,4450,10375,8390,26616,2840,3085,15680,19326,245457,512396,248858,1
122658,123215,119490,131899,117433,123964,124488,114197,8461,9018,5293,17702,1830,1273,4998,7411,1306,749,4474,7935,5225,5782,2057,14466,245873,480082,251389,1
51436,55679,51110,72326,52512,53037,49454,85795,34359,30116,34685,13469,1982,6225,1656,22872,1601,2642,1927,19289,1076,3167,1402,19814,107115,240798,123436,1
189003,185576,163330,197319,184529,177381,183153,215066,26063,29490,51736,17747,5850,2423,19823,14166,11622,8195,14051,19938,4474,1047,21199,12790,374579,760129,360649,1
127648,143295,128239,168024,123706,140507,123291,221101,93453,77806,92862,53077,4357,20004,4948,44733,12859,2788,12268,27517,3942,19589,4533,44318,270943,608605,296263,1
127891,133290,124754,161456,126469,128284,126542,147915,20024,14625,23161,13541,1349,6748,1788,34914,393,5006,3530,33172,1422,6821,1715,34987,261181,529210,286210,1
70521,73430,59197,67964,66021,65925,61381,64600,5921,8830,5403,3364,9140,12049,2184,6583,4596,7505,6728,2039,4500,7409,6824,1943,143951,257927,127161,1
78390,75504,76901,78784,80734,86392,75641,74876,3514,628,2025,3908,2749,137,1260,3143,8002,10888,9491,7608,2344,5230,3833,1950,153894,317643,155685,1
122619,140518,131640,152048,142645,143326,148558,145014,22395,4496,13374,7034,25939,8040,16918,3490,20707,2808,11686,8722,20026,2127,11005,9403,263137,579543,283688,1
54580,51272,46843,41630,55852,49480,56247,32353,22227,18919,14490,9277,1667,4975,9404,14617,5100,1792,2637,7850,1272,4580,9009,14222,105852,193932,88473,1
64677,74924,58984,62813,68719,68172,61873,72958,8281,1966,13974,10145,2804,13051,2889,940,3495,6752,9188,5359,4042,6205,9735,5906,139601,271722,121797,1
164158,138421,148406,199540,172283,174207,137301,201879,37721,63458,53473,2339,26857,1120,11105,62239,10049,35786,25801,25333,8125,33862,23877,27257,302579,685670,347946,1
94506,91873,100936,84378,96283,95375,93862,162470,67964,70597,61534,78092,644,1989,7074,9484,869,3502,5561,10997,1777,4410,4653,11905,186379,447990,185314,1
170835,155892,161504,163908,176546,173895,188515,277264,106429,121372,115760,113356,17680,32623,27011,24607,3060,18003,12391,9987,5711,20654,15042,12638,326727,816220,325412,1
13346,11325,9315,18146,12134,11203,10684,17227,3881,5902,7912,919,2662,641,1369,7462,2143,122,1888,6943,1212,809,2819,6012,24671,51248,27461,1
233222,254288,228854,341600,237903,236572,225038,336275,103053,81987,107421,5325,8184,29250,3816,116562,3350,17716,7718,105028,4681,16385,9049,103697,487510,1035788,570454,1
5199,4887,4966,4812,5224,5168,5413,40005,34806,35118,35039,35193,214,526,447,601,31,281,202,356,25,337,258,412,10086,55810,9778,1
202409,198250,187344,233281,202968,206770,206188,257097,54688,58847,69753,23816,3779,7938,18844,27093,4361,8520,19426,26511,559,4718,15624,30313,400659,873023,420625,1
260973,265824,274718,271011,281416,284064,295549,317191,56218,51367,42473,46180,34576,29725,20831,24538,23091,18240,9346,13053,20443,15592,6698,10405,526797,1178220,545729,1
83223,98156,97293,130448,100166,107100,100801,154896,71673,56740,57603,24448,17578,2645,3508,29647,23877,8944,9807,23348,16943,2010,2873,30282,181379,462963,227741,1
144297,149215,121762,155615,143003,127382,128194,155642,11345,6427,33880,27,16103,21021,6432,27421,16915,21833,5620,28233,1294,6212,21241,12612,293512,554221,277377,1
140039,148854,132415,191713,126697,135360,126694,183520,43481,34666,51105,8193,13345,22160,5721,65019,4679,13494,2945,56353,13342,22157,5718,65016,288893,572271,324128,1
58878,57055,53202,47566,62358,59729,61195,98572,39694,41517,45370,51006,2317,4140,7993,13629,851,2674,6527,12163,3480,5303,9156,14792,115933,281854,100768,1
161208,154792,143543,168570,167878,163970,164613,225900,64692,71108,82357,57330,3405,9821,21070,3957,2762,9178,20427,4600,6670,13086,24335,692,316000,722361,312113,1
53547,50266,45240,94058,47573,45207,49468,98316,44769,48050,53076,4258,4079,798,4228,44590,8340,5059,33,48851,5974,2693,2333,46485,103813,240564,139298,1
134797,149498,137640,129955,126901,146214,139939,233563,98766,84065,95923,103608,5142,9559,2299,9984,11417,3284,8574,16259,7896,22597,10739,3054,284295,646617,267595,1
152706,150822,143081,181226,146275,155360,149015,196801,44095,45979,53720,15575,3691,1807,5934,32211,2654,4538,12279,25866,6431,4547,3194,34951,303528,647451,324307,1
129715,147831,151197,138851,152527,151208,145025,195440,65725,47609,44243,56589,15310,2806,6172,6174,21493,3377,11,12357,22812,4696,1330,13676,277546,644200,290048,1
80544,76526,78042,78912,82674,88269,77001,75054,5490,1472,2988,3858,3543,475,1041,1911,7725,11743,10227,9357,2130,6148,4632,3762,157070,322998,156954,1
99716,96317,94761,91063,106524,105208,108267,107936,8220,11619,13175,16873,8551,11950,13506,17204,5492,8891,10447,14145,6808,10207,11763,15461,196033,427935,185824,1
96956,86677,91398,82349,99629,100510,89886,116870,19914,30193,25472,34521,7070,3209,1512,7537,3554,13833,9112,18161,2673,12952,8231,17280,183633,406895,173747,1
55099,53822,50678,49606,55956,56714,53238,35451,19648,18371,15227,14155,1861,584,2560,3632,1615,2892,6036,7108,857,2134,5278,6350,108921,201359,100284,1
188129,207659,178637,226287,211234,207804,189460,188715,586,18944,10078,37572,1331,18199,10823,36827,19675,145,29167,18483,23105,3575,32597,15053,395788,797213,404924,1
81058,82319,71113,92895,79783,68974,71719,106246,25188,23927,35133,13351,9339,10600,606,21176,12084,13345,2139,23921,1275,2536,8670,13112,163377,326722,164008,1
253741,253452,243901,349935,232055,244452,191607,324911,71170,71459,81010,25024,62134,61845,52294,158328,9289,9000,551,105483,21686,21397,11846,117880,507193,993025,593836,1
89144,81583,84324,79866,91446,97406,82068,81116,8028,467,3208,1250,7076,485,2256,2202,8262,15823,13082,17540,2302,9863,7122,11580,170727,352036,164190,1
146142,148571,146468,152471,155806,152930,151724,234303,88161,85732,87835,81832,5582,3153,5256,747,6788,4359,6462,459,9664,7235,9338,3335,294713,694763,298939,1
99608,100589,107554,88523,107167,110431,108496,175335,75727,74746,67781,86812,8888,7907,942,19973,10823,9842,2877,21908,7559,6578,387,18644,200197,501429,196077,1
88890,87518,85568,106776,99157,99776,94869,150168,61278,62650,64600,43392,5979,7351,9301,11907,10886,12258,14208,7000,10267,11639,13589,7619,176408,443970,192344,1
74503,80906,79521,83978,80077,86279,80385,110129,35626,29223,30608,26151,5882,521,864,3593,11776,5373,6758,2301,5574,829,556,3901,155409,356870,163499,1
109215,105691,105221,116985,107185,103347,109634,151627,42412,45936,46406,34642,419,3943,4413,7351,5868,2344,1874,13638,2030,1494,1964,9800,214906,471793,222206,1
56778,59289,57393,59106,58944,59635,52310,55940,838,3349,1453,3166,4468,6979,5083,6796,2857,346,2242,529,2166,345,1551,162,116067,226829,116499,1
57546,67831,61522,59569,60266,61228,63452,71045,13499,3214,9523,11476,5906,4379,1930,3883,3682,6603,294,1659,2720,7565,1256,697,125377,255991,121091,1
97677,102888,97615,125048,104262,101683,104177,208320,110643,105432,110705,83272,6500,1289,6562,20871,4006,1205,4068,23365,6585,1374,6647,20786,200565,518442,222663,1
189009,201845,189448,186372,205169,203859,206428,201959,12950,114,12511,15587,17419,4583,16980,20056,14850,2014,14411,17487,16160,3324,15721,18797,390854,817415,375820,1
97659,96140,108149,119652,107507,121585,102046,80787,16872,15353,27362,38865,4387,5906,6103,17606,23926,25445,13436,1933,9848,11367,642,12145,193799,411925,227801,1
157310,169070,151400,143055,173702,165797,157504,162781,5471,6289,11381,19726,194,11566,6104,14449,8487,3273,14397,22742,16392,4632,22302,30647,326380,659784,294455,1
16822,16117,14751,11121,16472,15824,16519,19342,2520,3225,4591,8221,303,402,1768,5398,998,293,1073,4703,350,355,1721,5351,32939,68157,25872,1
90267,92167,89498,106150,92393,95487,94326,184314,94047,92147,94816,78164,4059,2159,4828,11824,5220,3320,5989,10663,2126,226,2895,13757,182434,466520,195648,1
105411,94285,90815,120468,103052,100189,105057,221062,115651,126777,130247,100594,354,10772,14242,15411,5222,5904,9374,20279,2359,8767,12237,17416,199696,529360,211283,1
89634,73630,77398,79475,75956,82149,80340,51626,38008,22004,25772,27849,9294,6710,2942,865,7485,8519,4751,2674,13678,2326,1442,3519,163264,290071,156873,1
109921,122162,106139,178599,109674,113325,105511,238702,128781,116540,132563,60103,4410,16651,628,73088,3404,8837,7186,65274,247,12488,3535,68925,232083,567212,284738,1
93280,84629,81901,78554,87755,93384,89431,110860,17580,26231,28959,32306,3849,4802,7530,10877,104,8755,11483,14830,5525,3126,5854,9201,177909,381430,160455,1
149382,132994,137359,170221,137522,139976,138121,228574,79192,95580,91215,58353,11261,5127,762,32100,9406,6982,2617,30245,11860,4528,163,32699,282376,644193,307580,1
94806,99238,84003,105351,101488,97579,100223,139708,44902,40470,55705,34357,5417,985,16220,5128,2773,1659,13576,7772,6682,2250,17485,3863,194044,438998,189354,1
224668,238306,243363,247916,259006,263308,251685,360057,135389,121751,116694,112141,27017,13379,8322,3769,38640,25002,19945,15392,34338,20700,15643,11090,462974,1134056,491279,1
64280,83263,71907,58836,67588,73009,73536,92348,28068,9085,20441,33512,9256,9727,1629,14700,8729,10254,1102,14173,3308,15675,4319,8752,147543,306481,130743,1
72874,75128,65244,80964,74316,70841,72869,99492,26618,24364,34248,18528,5,2259,7625,8095,2033,4287,5597,10123,1442,812,9072,6648,148002,317518,146208,1
90307,102175,95317,113297,107932,109892,100081,138091,47784,35916,42774,24794,9774,2094,4764,13216,19585,7717,14575,3405,17625,5757,12615,5365,192482,455996,208614,1
199693,196161,180977,194754,203202,194874,191166,215839,16146,19678,34862,21085,8527,4995,10189,3588,4819,1287,13897,120,3509,7041,22225,8448,395854,805081,375731,1
90421,67197,73352,111666,91766,79825,92031,121937,31516,54740,48585,10271,1610,24834,18679,19635,10596,12628,6473,31841,1345,24569,18414,19900,157618,385559,185018,1
149928,161739,142279,148096,145253,140977,144943,211250,61322,49511,68971,63154,4985,16796,2664,3153,8951,20762,1302,7119,4675,16486,2974,2843,311667,642423,290375,1
105747,103205,78519,141876,103027,99279,96380,130634,24887,27429,52115,11242,9367,6825,17861,45496,6468,3926,20760,42597,2720,178,24508,38849,208952,429320,220395,1
135639,131984,130834,108749,146149,142483,146139,166626,30987,34642,35792,57877,10500,14155,15305,37390,6844,10499,11649,33734,10510,14165,15315,37400,267623,601397,239583,1
82473,106098,80773,137892,84226,87642,72704,107223,24750,1125,26450,30669,9769,33394,8069,65188,5169,18456,6869,50250,1753,21872,3453,53666,188571,351795,218665,1
209144,223402,208105,204457,223136,206703,218139,209284,140,14118,1179,4827,8995,5263,10034,13682,2441,16699,1402,2246,13992,266,15031,18679,432546,857262,412562,1
159833,155020,148483,211024,136572,139418,126999,166807,6974,11787,18324,44217,32834,28021,21484,84025,20415,15602,9065,71606,23261,18448,11911,74452,314853,569796,359507,1
163562,178085,171665,147559,178893,164720,172510,236566,73004,58481,64901,89007,8948,5575,845,24951,1158,13365,6945,17161,15331,808,7228,31334,341647,752689,319224,1
120139,128436,115993,131610,130268,127419,127382,195036,74897,66600,79043,63426,7243,1054,11389,4228,7280,1017,11426,4191,10129,1832,14275,1342,248575,580105,247603,1
54781,60499,50971,68462,59574,57081,55551,71559,16778,11060,20588,3097,770,4948,4580,12911,2300,3418,6110,11381,4793,925,8603,8888,115280,243765,119433,1
78134,82275,67748,63480,75051,72366,69965,49554,28580,32721,18194,13926,8169,12310,2217,6485,5768,9909,4618,8886,3083,7224,7303,11571,160409,266936,131228,1
64641,71406,68358,65118,54438,59579,51365,146938,82297,75532,78580,81820,13276,20041,16993,13753,5062,11827,8779,5539,10203,16968,13920,10680,136047,312320,133476,1
169790,188521,170525,212712,183721,186970,182637,198312,28522,9791,27787,14400,12847,5884,12112,30075,17180,1551,16445,25742,13931,4800,13196,28991,358311,751640,383237,1
232412,221991,233678,176344,244972,238312,257052,340801,108389,118810,107123,164457,24640,35061,23374,80708,5900,16321,4634,61968,12560,22981,11294,68628,454403,1081137,410022,1
50036,46208,44384,67311,47255,49975,53794,115987,65951,69779,71603,48676,3758,7586,9410,13517,61,3767,5591,17336,2781,1047,2871,20056,96244,267011,111695,1
115490,142919,116535,185024,101416,101019,93560,170772,55282,27853,54237,14252,21930,49359,22975,91464,14471,41900,15516,84005,14074,41503,15119,83608,258409,466767,301559,1
213168,252485,201867,261212,207233,202554,194234,210199,2969,42286,8332,51013,18934,58251,7633,66978,10614,49931,687,58658,5935,45252,5366,53979,465653,814220,463079,1
29625,30904,23366,31325,26916,25971,27774,121307,91682,90403,97941,89982,1851,3130,4408,3551,3654,4933,2605,5354,2709,3988,3550,4409,60529,201968,54691,1
209293,211530,196075,214113,200920,202151,196969,195282,14011,16248,793,18831,12324,14561,894,17144,7142,9379,6076,11962,8373,10610,4845,13193,420823,795322,410188,1
150880,157417,147158,131430,146215,157110,147407,202386,51506,44969,55228,70956,3473,10010,249,15977,6230,307,9952,25680,4665,11202,943,14785,308297,653118,278588,1
204283,225202,199539,267628,192322,209309,176205,249013,44730,23811,49474,18615,28078,48997,23334,91423,5026,15893,9770,58319,11961,32880,7217,75306,429485,826849,467167,1
75067,74864,62064,81996,70610,65003,64345,55024,20043,19840,7040,26972,10722,10519,2281,17651,10064,9861,2939,16993,4457,4254,8546,11386,149931,254982,144060,1
70458,70736,66746,71737,70034,71201,69656,103179,32721,32443,36433,31442,802,1080,2910,2081,743,465,4455,536,424,702,3288,1703,141194,314070,138483,1
154138,104181,140674,124511,164024,162865,116741,193684,39546,89503,53010,69173,37397,12560,23933,7770,8727,58684,22191,38354,9886,59843,23350,39513,258319,637314,265185,1
47643,42845,44004,25890,53440,49094,59239,77647,30004,34802,33643,51757,11596,16394,15235,33349,1451,6249,5090,23204,5797,10595,9436,27550,90488,239420,69894,1
47800,46125,41820,28508,48587,46148,45920,32991,14809,13134,8829,4483,1880,205,4100,17412,1652,23,4328,17640,787,2462,6767,20079,93925,173646,70328,1
143886,139691,127142,179315,126331,134179,133766,201578,57692,61887,74436,22263,10120,5925,6624,45549,9707,5512,7037,45136,17555,13360,811,52984,283577,595854,306457,1
146927,170411,137663,160625,150628,157240,134013,164296,17369,6115,26633,3671,12914,36398,3650,26612,10313,13171,19577,3385,3701,19783,12965,9997,317338,606177,298288,1
64251,67238,64010,69757,69679,67731,69287,89920,25669,22682,25910,20163,5036,2049,5277,470,3480,493,3721,2026,5428,2441,5669,78,131489,296617,133767,1
112582,126590,110406,119196,122547,125828,114908,94133,18449,32457,16273,25063,2326,11682,4502,4288,13246,762,15422,6632,9965,4043,12141,3351,239172,457416,229602,1
120469,151980,127012,137770,102549,120720,103697,127686,7217,24294,674,10084,16772,48283,23315,34073,251,31260,6292,17050,17920,49431,24463,35221,272449,454652,264782,1
68500,77267,65482,64373,78869,80756,79149,137858,69358,60591,72376,73485,10649,1882,13667,14776,12256,3489,15274,16383,10369,1602,13387,14496,145767,376632,129855,1
138821,129204,113066,133333,135874,132440,126023,199099,60278,69895,86033,65766,12798,3181,12957,7310,6381,3236,19374,893,2947,6670,22808,2541,268025,593436,246399,1
52244,57010,49919,49853,53850,51521,50609,43356,8888,13654,6563,6497,1635,6401,690,756,723,5489,1602,1668,1606,3160,3931,3997,109254,199336,99772,1
140868,143707,136249,134771,139965,146218,143893,235696,94828,91989,99447,100925,3025,186,7644,9122,5350,2511,9969,11447,903,3742,3716,5194,284575,665772,271020,1
90115,91639,88478,70314,94830,96589,96339,180384,90269,88745,91906,110070,6224,4700,7861,26025,6474,4950,8111,26275,4715,3191,6352,24516,181754,468142,158792,1
159200,154172,151170,151839,164987,162630,165298,225873,66673,71701,74703,74034,6098,11126,14128,13459,3430,8458,11460,10791,5787,10815,13817,13148,313372,718788,303009,1
88017,91423,83282,137655,88142,89247,90693,181859,93842,90436,98577,44204,2676,730,7411,46962,1230,2176,5965,48408,125,3281,4860,49513,179440,449941,220937,1
292338,270516,242655,254795,292516,280575,249021,368796,76458,98280,126141,114001,43317,21495,6366,5774,11763,10059,37920,25780,178,22000,49861,37721,562854,1190908,497450,1
199639,202517,187649,228804,194266,187177,199570,287811,88172,85294,100162,59007,69,2947,11921,29234,12462,15340,472,41627,5373,8251,6617,34538,402156,868824,416453,1
32206,32580,29676,34015,32793,29625,31986,24658,7548,7922,5018,9357,220,594,2310,2029,2581,2955,51,4390,587,213,3117,1222,64786,119062,63691,1
99853,114755,93610,96363,105250,104372,103126,180502,80649,65747,86892,84139,3273,11629,9516,6763,4519,10383,10762,8009,5397,9505,11640,8887,214608,493250,189973,1
111260,110078,97127,155040,102689,105344,106627,135667,24407,25589,38540,19373,4633,3451,9500,48413,5916,4734,8217,49696,8571,7389,5562,52351,221338,450327,252167,1
152713,150063,143555,157756,149251,149394,153342,239725,87012,89662,96170,81969,629,3279,9787,4414,3319,669,5839,8362,3462,812,5696,8505,302776,691712,301311,1
74131,86413,69424,83918,74018,72811,68653,78035,3904,8378,8611,5883,5478,17760,771,15265,1320,13602,3387,11107,113,12395,4594,9900,160544,293517,153342,1
160636,172473,139520,206378,151840,140485,130845,180707,20071,8234,41187,25671,29791,41628,8675,75533,20151,31988,965,65893,8796,20633,12320,54538,333109,603877,345898,1
68001,71138,62475,72942,65517,62751,63230,67677,324,3461,5202,5265,4771,7908,755,9712,5250,8387,276,10191,2484,5621,3042,7425,139139,259175,135417,1
34872,35437,27557,29108,31917,32315,32312,50985,16113,15548,23428,21877,2560,3125,4755,3204,2557,3122,4758,3207,2955,3520,4360,2809,70309,147529,56665,1
117629,126800,122479,108889,126277,123120,130386,153403,35774,26603,30924,44514,12757,3586,7907,21497,5491,3680,641,14231,8648,523,3798,17388,244429,533186,231368,1
57485,63004,53243,92765,60657,61638,55614,95549,38064,32545,42306,2784,1871,7390,2371,37151,4153,1366,8395,31127,3172,2347,7414,32108,120489,273458,146008,1
144669,141964,147285,166260,140026,148264,147916,253078,108409,111114,105793,86818,3247,5952,631,18344,3595,6300,979,17996,4643,1938,7259,26234,286633,689284,313545,1
106541,108907,110193,96074,109565,113939,109779,75872,30669,33035,34321,20202,3238,872,414,13705,7398,5032,3746,17865,3024,658,628,13491,215448,409155,206267,1
124898,108459,111072,97759,119298,118273,115778,246282,121384,137823,135210,148523,9120,7319,4706,18019,6625,9814,7201,20514,5600,10839,8226,21539,233357,599631,208831,1
112927,102534,100677,114563,111960,106910,111559,211699,98772,109165,111022,97136,1368,9025,10882,3004,6017,4376,6233,7653,967,9426,11283,2603,215461,542128,215240,1
222305,235414,219391,263074,230215,225461,224849,298528,76223,63114,79137,35454,2544,10565,5458,38225,3156,9953,6070,37613,7910,5199,10824,32859,457719,979053,482465,1
164698,166256,163857,168563,156592,157756,157216,251367,86669,85111,87510,82804,7482,9040,6641,11347,6942,8500,6101,10807,8106,9664,7265,11971,330954,722931,332420,1
20873,20521,17944,13877,19808,19166,19554,27571,6698,7050,9627,13694,1319,967,1610,5677,1707,1355,1222,5289,1065,713,1864,5931,41394,86099,31821,1
58513,54299,48727,49232,57590,52264,55433,63151,4638,8852,14424,13919,3080,1134,6706,6201,6249,2035,3537,3032,923,3291,8863,8358,112812,228438,97959,1
107561,109348,98395,119152,104214,104517,100980,237057,129496,127709,138662,117905,6581,8368,2585,18172,3044,4831,6122,14635,3347,5134,5819,14938,216909,546768,217547,1
118368,115344,104563,163707,110368,105754,112107,199173,80805,83829,94610,35466,6261,3237,7544,51600,12614,9590,1191,57953,8000,4976,5805,53339,233712,527402,268270,1
69011,70767,55502,65044,62617,60745,69067,75268,6257,4501,19766,10224,56,1700,13565,4023,8266,10022,5243,4299,6394,8150,7115,2427,139778,267697,120546,1
78314,83029,67109,93595,66902,63839,60142,92521,14207,9492,25412,1074,18172,22887,6967,33453,14475,19190,3270,29756,11412,16127,207,26693,161343,283404,160704,1
174943,188753,188909,248417,178701,189339,157330,220943,46000,32190,32034,27474,17613,31423,31579,91087,14396,586,430,59078,3758,10052,10208,69716,363696,746313,437326,1
148795,158531,120603,136853,143409,142313,142680,152831,4036,5700,32228,15978,6115,15851,22077,5827,6482,16218,21710,5460,5386,15122,22806,6556,307326,581233,257456,1
178315,197421,151781,165399,181718,175836,173096,235313,56998,37892,83532,69914,5219,24325,21315,7697,2479,21585,24055,10437,3403,15703,29937,16319,375736,765963,317180,1
2299,3049,1753,4243,2291,2218,1785,25621,23322,22572,23868,21378,514,1264,32,2458,81,831,465,2025,8,758,538,1952,5348,31915,5996,1
40620,41796,36225,69609,44047,47036,45901,71118,30498,29322,34893,1509,5281,4105,9676,23708,6416,5240,10811,22573,3427,2251,7822,25562,82416,208102,105834,1
168597,183549,173589,204288,182574,183043,184523,215527,46930,31978,41938,11239,15926,974,10934,19765,14446,506,9454,21245,13977,975,8985,21714,352146,765667,377877,1
35896,36872,34715,41496,37364,36135,36342,31717,4179,5155,2998,9779,446,530,1627,5154,239,737,1420,5361,1468,492,2649,4132,72768,141558,76211,1
59297,60513,55508,88887,61203,57247,63040,118198,58901,57685,62690,29311,3743,2527,7532,25847,2050,3266,1739,31640,1906,690,5695,27684,119810,299688,144395,1
194660,225626,186697,246579,165374,165984,137178,207008,12348,18618,20311,39571,57482,88448,49519,109401,28676,59642,20713,80595,29286,60252,21323,81205,420286,675544,433276,1
53193,52948,50772,41574,50833,52635,50169,71191,17998,18243,20419,29617,3024,2779,603,8595,558,313,1863,11061,2360,2115,61,9259,106141,224828,92346,1
139819,137196,135191,146764,141728,142048,144912,208968,69149,71772,73777,62204,5093,7716,9721,1852,2229,4852,6857,4716,1909,4532,6537,5036,277015,637656,281955,1
154110,155782,141654,181336,156199,150933,151460,199613,45503,43831,57959,18277,2650,4322,9806,29876,3177,4849,9279,30403,2089,417,14545,25137,309892,658205,322990,1
87425,78508,77604,105435,71310,71805,67253,137307,49882,58799,59703,31872,20172,11255,10351,38182,15620,6703,5799,33630,16115,7198,6294,34125,165933,347675,183039,1
83376,95023,78184,82748,89762,88332,83847,118632,35256,23609,40448,35884,471,11176,5663,1099,4956,6691,10148,5584,6386,5261,11578,7014,178399,380573,160932,1
50145,58068,47222,76663,46493,54114,43116,61607,11462,3539,14385,15056,7029,14952,4106,33547,3969,3954,6892,22549,3652,11575,729,30170,108213,205330,123885,1
119367,137433,122982,231211,104768,116199,103890,242012,122645,104579,119030,10801,15477,33543,19092,127321,3168,21234,6783,115012,14599,32665,18214,126443,256800,566869,354193,1
147018,157681,144907,164890,147280,144617,139978,138857,8161,18824,6050,26033,7040,17703,4929,24912,2401,13064,290,20273,262,10401,2373,17610,304699,570732,309797,1
49727,44853,44221,55221,48105,41513,45901,42863,6864,1990,1358,12358,3826,1048,1680,9320,8214,3340,2708,13708,1622,3252,3884,7116,94580,178382,99442,1
103015,102327,106102,64909,89365,100825,86687,159952,56937,57625,53850,95043,16328,15640,19415,21778,2190,1502,5277,35916,13650,12962,16737,24456,205342,436829,171011,1
74881,81789,67581,72937,73624,69627,81835,89754,14873,7965,22173,16817,6954,46,14254,8898,5254,12162,2046,3310,1257,8165,6043,687,156670,314840,140518,1
96755,99535,98238,83832,92881,95002,91387,121163,24408,21628,22925,37331,5368,8148,6851,7555,1753,4533,3236,11170,3874,6654,5357,9049,196290,400433,182070,1
178660,202182,177249,189044,191977,193635,187654,239744,61084,37562,62495,50700,8994,14528,10405,1390,14975,8547,16386,4591,13317,10205,14728,2933,380842,813010,366293,1
29070,31631,25785,31401,31738,30430,28568,29875,805,1756,4090,1526,502,3063,2783,2833,1360,1201,4645,971,2668,107,5953,337,60701,120611,57186,1
208456,206215,202654,241362,205614,208305,195444,317905,109449,111690,115251,76543,13012,10771,7210,45918,151,2090,5651,33057,2842,601,2960,35748,414671,927268,444016,1
121213,119327,106669,165716,113230,108493,115635,185622,64409,66295,78953,19906,5578,3692,8966,50081,12720,10834,1824,57223,7983,6097,6561,52486,240540,522980,272385,1
62703,66277,60463,107395,62140,60976,61835,100097,37394,33820,39634,7298,868,4442,1372,45560,1727,5301,513,46419,563,4137,1677,45255,128980,285048,167858,1
6102,6429,4544,6662,5447,5446,5350,17406,11304,10977,12862,10744,752,1079,806,1312,656,983,902,1216,655,982,903,1215,12531,33649,11206,1
79360,81738,74544,83683,75017,72399,76114,83300,3940,1562,8756,383,3246,5624,1570,7569,6961,9339,2145,11284,4343,6721,473,8666,161098,306830,158227,1
181837,187212,166654,219379,178919,166330,169431,183933,2096,3279,17279,35446,12406,17781,2777,49948,15507,20882,324,53049,2918,8293,12265,40460,369049,698613,386033,1
33015,32681,26133,36257,34163,33679,33739,41487,8472,8806,15354,5230,724,1058,7606,2518,664,998,7546,2578,1148,1482,8030,2094,65696,143068,62390,1
85214,77245,79341,39797,91085,89177,85868,73258,11956,3987,6083,33461,654,8623,6527,46071,3963,11932,9836,49380,5871,13840,11744,51288,162459,339388,119138,1
199111,202195,183889,177822,206820,204038,209191,216476,17365,14281,32587,38654,10080,6996,25302,31369,4927,1843,20149,26216,7709,4625,22931,28998,401306,836525,361711,1
189424,201975,162850,219139,188854,189892,176929,245784,56360,43809,82934,26645,12495,25046,14079,42210,468,12083,27042,29247,570,13121,26004,30285,391399,801459,381989,1
48919,49824,52700,44019,51862,53435,55379,61683,12764,11859,8983,17664,6460,5555,2679,11360,4516,3611,735,9416,2943,2038,838,7843,98743,222359,96719,1
69561,66380,66544,60682,74704,65646,64836,72040,2479,5660,5496,11358,4725,1544,1708,4154,3915,734,898,4964,5143,8324,8160,14022,135941,277226,127226,1
53241,51744,48051,106746,54096,57214,57434,121452,68211,69708,73401,14706,4193,5690,9383,49312,3973,5470,9163,49532,855,2352,6045,52650,104985,290196,154797,1
75321,76133,78809,63603,81674,85249,85218,69409,5912,6724,9400,5806,9897,9085,6409,21615,9928,9116,6440,21646,6353,5541,2865,18071,151454,321550,142412,1
111406,101545,98910,95401,109932,115235,110320,128713,17307,27168,29803,33312,1086,8775,11410,14919,3829,13690,16325,19834,1474,8387,11022,14531,212951,464200,194311,1
196853,198664,195686,149542,218844,220263,212762,244882,48029,46218,49196,95340,15909,14098,17076,63220,23410,21599,24577,70721,21991,20180,23158,69302,395517,896751,345228,1
127741,119145,112482,132487,138068,128845,139215,235945,108204,116800,123463,103458,11474,20070,26733,6728,1104,9700,16363,3642,10327,18923,25586,5581,246886,642073,244969,1
94611,107033,89311,113132,95215,96883,89817,102439,7828,4594,13128,10693,4794,17216,506,23315,2272,10150,7572,16249,604,11818,5904,17917,201644,384354,202443,1
119309,127898,120827,165932,122119,128338,124249,206803,87494,78905,85976,40871,4940,3649,3422,41683,9029,440,7511,37594,2810,5779,1292,43813,247207,581509,286759,1
233188,224725,216252,271035,218591,215555,223500,352212,119024,127487,135960,81177,9688,1225,7248,47535,17633,9170,697,55480,14597,6134,2339,52444,457913,1009858,487287,1
48405,50757,47836,40902,50530,46937,49317,54186,5781,3429,6350,13284,912,1440,1481,8415,1468,3820,899,6035,2125,227,2694,9628,99162,200970,88738,1
111305,115124,105883,124986,114916,100981,93564,148869,37564,33745,42986,23883,17741,21560,12319,31422,10324,14143,4902,24005,3611,208,9033,10070,226429,458330,230869,1
36929,34045,32957,46324,32339,35573,35256,78360,41431,44315,45403,32036,1673,1211,2299,11068,1356,1528,2616,10751,4590,1706,618,13985,70974,181528,79281,1
96440,88598,76487,94408,85055,80137,84642,117059,20619,28461,40572,22651,11798,3956,8155,9766,16303,8461,3650,14271,11385,3543,8568,9353,185038,366893,170895,1
69985,67197,63598,67862,65896,63942,64425,98331,28346,31134,34733,30469,5560,2772,827,3437,6043,3255,344,3920,4089,1301,2298,1966,137182,292594,131460,1
75084,81164,68091,57158,67510,64651,68136,90525,15441,9361,22434,33367,6948,13028,45,10978,10433,16513,3440,7493,7574,13654,581,10352,156248,290822,125249,1
198964,190076,190392,170673,193338,199091,188520,203577,4613,13501,13185,32904,10444,1556,1872,17847,127,9015,8699,28418,5626,3262,2946,22665,389040,784526,361065,1
166094,153620,153847,175214,165252,167806,178201,181626,15532,28006,27779,6412,12107,24581,24354,2987,1712,14186,13959,7408,842,11632,11405,9962,319714,692885,329061,1
101899,89824,96649,116866,103992,113413,109135,105787,3888,15963,9138,11079,7236,19311,12486,7731,11514,23589,16764,3453,2093,14168,7343,12874,191723,432327,213515,1
170498,175735,158590,180097,167000,159876,154713,214996,44498,39261,56406,34899,15785,21022,3877,25384,10622,15859,1286,20221,3498,8735,8410,13097,346233,696585,338687,1
111742,104226,103840,123806,115737,120688,118912,154059,42317,49833,50219,30253,7170,14686,15072,4894,8946,16462,16848,3118,3995,11511,11897,8069,215968,509396,227646,1
81020,81886,73489,93427,82211,76588,81718,111775,30755,29889,38286,18348,698,168,8229,11709,4432,5298,3099,16839,1191,325,8722,11216,162906,352292,166916,1
222158,213228,234843,214871,200137,225650,215068,246786,24628,33558,11943,31915,7090,1840,19775,197,3492,12422,9193,10779,22021,13091,34706,14734,435386,887641,449714,1
247705,237437,256154,294702,250036,243412,250512,395646,147941,158209,139492,100944,2807,13075,5642,44190,4293,5975,12742,51290,2331,12599,6118,44666,485142,1139606,550856,1
203710,198560,193679,164552,208830,201711,196045,190144,13566,8416,3535,25592,7665,2515,2366,31493,1999,3151,8032,37159,5120,10270,15151,44278,402270,796730,358231,1
118529,126926,129033,150670,137741,141746,130287,120413,1884,6513,8620,30257,11758,3361,1254,20383,23217,14820,12713,8924,19212,10815,8708,12929,245455,530187,279703,1
95970,78068,92597,106500,99034,99357,100346,132564,36594,54496,39967,26064,4376,22278,7749,6154,3387,21289,6760,7143,3064,20966,6437,7466,174038,431301,199097,1
85003,95479,80932,109680,91483,83457,93615,85465,462,10014,4533,24215,8612,1864,12683,16065,1546,12022,2525,26223,6480,3996,10551,18197,180482,354020,190612,1
157716,155513,137720,194633,146188,138420,129052,232827,75111,77314,95107,38194,28664,26461,8668,65581,19296,17093,700,56213,11528,9325,8468,48445,313229,646487,332353,1
76680,72393,67873,62177,72542,68600,73872,66813,9867,5580,1060,4636,2808,1479,5999,11695,8080,3793,727,6423,4138,149,4669,10365,149073,281827,130050,1
31099,36862,30467,35317,30245,33102,31079,27577,3522,9285,2890,7740,20,5783,612,4238,2003,3760,2635,2215,854,6617,222,5072,67961,122003,65784,1
128110,121945,114784,112893,119555,127895,128734,113819,14291,8126,965,926,624,6789,13950,15841,215,5950,13111,15002,8555,2390,4771,6662,250055,490003,227677,1
66542,74944,70107,88729,79377,77135,74575,96889,30347,21945,26782,8160,8033,369,4468,14154,10593,2191,7028,11594,12835,4433,9270,9352,141486,327976,158836,1
130348,126049,120904,137068,125048,130828,132391,188081,57733,62032,67177,51013,2043,6342,11487,4677,480,4779,9924,6240,5300,1001,4144,12020,256397,576348,257972,1
77173,78000,78830,95291,78443,78778,79230,85825,8652,7825,6995,9466,2057,1230,400,16061,1605,778,52,16513,1270,443,387,16848,155173,322276,174121,1
97184,93076,85751,77135,99753,98304,100538,89060,8124,4016,3309,11925,3354,7462,14787,23403,1120,5228,12553,21169,2569,6677,14002,22618,190260,387655,162886,1
49850,56567,46319,63604,54806,52455,48941,68148,18298,11581,21829,4544,909,7626,2622,14663,2605,4112,6136,11149,4956,1761,8487,8798,106417,224350,109923,1
93567,88438,91019,148700,101200,98311,97895,145794,52227,57356,54775,2906,4328,9457,6876,50805,4744,9873,7292,50389,7633,12762,10181,47500,182005,443200,239719,1
38753,34916,35419,24197,35516,34356,34784,77046,38293,42130,41627,52849,3969,132,635,10587,4397,560,1063,10159,3237,600,97,11319,73669,181702,59616,1
160459,176976,146583,194391,164356,165232,150997,166031,5572,10945,19448,28360,9462,25979,4414,43394,4773,11744,18649,29159,3897,12620,17773,30035,337435,646616,340974,1
132283,119985,135010,162579,137199,126208,134829,232164,99881,112179,97154,69585,2546,14844,181,27750,6075,6223,8802,36371,4916,17214,2189,25380,252268,630400,297589,1
93455,80704,91879,72248,93103,94451,93279,132813,39358,52109,40934,60565,176,12575,1400,21031,996,13747,2572,22203,352,12399,1224,20855,174159,413646,164127,1
56086,60877,59158,50833,64491,65874,67651,49046,7040,11831,10112,1787,11565,6774,8493,16818,9788,4997,6716,15041,8405,3614,5333,13658,116963,247062,109991,1
105361,109915,93449,96998,98256,98295,75915,83866,21495,26049,9583,13132,29446,34000,17534,21083,7066,11620,4846,1297,7105,11659,4807,1258,215276,356332,190447,1
94207,98408,84619,92136,86198,90415,87786,95642,1435,2766,11023,3506,6421,10622,3167,4350,3792,7993,5796,1721,8009,12210,1579,5938,192615,360041,176755,1
155779,159688,142624,146001,152738,147945,152712,207215,51436,47527,64591,61214,3067,6976,10088,6711,7834,11743,5321,1944,3041,6950,10114,6737,315467,660610,288625,1
81513,87094,77804,76954,74880,81123,74292,103204,21691,16110,25400,26250,7221,12802,3512,2662,390,5971,3319,4169,6633,12214,2924,2074,168607,333499,154758,1
80399,88069,74209,106375,86971,93661,89721,92451,12052,4382,18242,13924,9322,1652,15512,16654,13262,5592,19452,12714,6572,1098,12762,19404,168468,362804,180584,1
79271,93540,83731,108538,80172,83834,82927,68575,10696,24965,15156,39963,3656,10613,804,25611,4563,9706,103,24704,901,13368,3559,28366,172811,315508,192269,1
76271,80314,72013,101493,76929,78114,69902,99911,23640,19597,27898,1582,6369,10412,2111,31591,1843,2200,6101,23379,658,3385,4916,24564,156585,324856,173506,1
74792,90716,74814,56931,82282,80710,80917,129873,55081,39157,55059,72942,6125,9799,6103,23986,5918,10006,5896,23779,7490,8434,7468,25351,165508,373782,131745,1
66217,68611,62488,54185,74371,66536,77242,41344,24873,27267,21144,12841,11025,8631,14754,23057,319,2075,4048,12351,8154,5760,11883,20186,134828,259493,116673,1
203240,220325,198370,225619,213174,215530,199952,216021,12781,4304,17651,9598,3288,20373,1582,25667,12290,4795,17160,10089,9934,7151,14804,12445,423565,844677,423989,1
176809,173002,151405,182562,169647,159256,141833,232105,55296,59103,80700,49543,34976,31169,9572,40729,17553,13746,7851,23306,7162,3355,18242,12915,349811,702841,333967,1
114179,104141,98674,108681,112464,108204,107541,164986,50807,60845,66312,56305,6638,3400,8867,1140,5975,4063,9530,477,1715,8323,13790,3783,218320,493195,207355,1
67788,66816,67302,85935,74482,70123,73744,122868,55080,56052,55566,36933,5956,6928,6442,12191,2335,3307,2821,15812,6694,7666,7180,11453,134604,341217,153237,1
91653,78192,65541,158986,78015,73215,71021,90973,680,12781,25432,68013,20632,7171,5480,87965,18438,4977,7674,85771,13638,177,12474,80971,169845,313224,224527,1
56234,52517,54309,66258,57316,55683,55755,72554,16320,20037,18245,6296,479,3238,1446,10503,551,3166,1374,10575,1082,4799,3007,8942,108751,241308,120567,1
102331,97937,94126,82268,106486,98645,95934,101271,1060,3334,7145,19003,6397,2003,1808,13666,3686,708,4519,16377,4155,8549,12360,24218,200268,402336,176394,1
94019,103625,84099,97145,97895,89600,98874,67769,26250,35856,16330,29376,4855,4751,14775,1729,4419,14025,5501,7545,3876,5730,13796,750,197644,354138,181244,1
157006,150077,154413,209626,139681,156625,131737,240840,83834,90763,86427,31214,25269,18340,22676,77889,381,6548,2212,53001,17325,10396,14732,69945,307083,668883,364039,1
93373,93864,82189,81546,84738,88001,80943,111463,18090,17599,29274,29917,12430,12921,1246,603,5372,5863,5812,6455,8635,9126,2549,3192,187237,365145,163735,1
8106,7863,7622,7878,8198,8078,8443,17774,9668,9911,10152,9896,337,580,821,565,28,215,456,200,92,335,576,320,15969,42493,15500,1
245444,226255,223745,219050,241843,253458,205463,279850,34406,53595,56105,60800,39981,20792,18282,13587,8014,27203,29713,34408,3601,15588,18098,22793,471699,980614,442795,1
102583,117983,98581,106090,97845,107318,104589,126070,23487,8087,27489,19980,2006,13394,6008,1501,4735,10665,8737,1228,4738,20138,736,8245,220566,435822,204671,1
159923,161834,166666,169953,174853,183393,177291,213253,53330,51419,46587,43300,17368,15457,10625,7338,23470,21559,16727,13440,14930,13019,8187,4900,321757,748790,336619,1
62937,81849,72752,130567,72819,79584,63920,145351,82414,63502,72599,14784,983,17929,8832,66647,16647,2265,6832,50983,9882,9030,67,57748,144786,361674,203319,1
108057,116709,101862,116658,106640,102608,106200,111341,3284,5368,9479,5317,1857,10509,4338,10458,5449,14101,746,14050,1417,10069,4778,10018,224766,426789,218520,1
100289,104701,101081,121396,104847,92021,106352,134863,34574,30162,33782,13467,6063,1651,5271,15044,8268,12680,9060,29375,4558,146,3766,16549,204990,438083,222477,1
102157,105225,111312,110455,117650,110747,122429,151860,49703,46635,40548,41405,20272,17204,11117,11974,8590,5522,565,292,15493,12425,6338,7195,207382,502686,221767,1
87859,80560,76836,143678,85364,82709,86688,156006,68147,75446,79170,12328,1171,6128,9852,56990,5150,2149,5873,60969,2495,4804,8528,58314,168419,410767,220514,1
44621,53667,48243,88326,51971,57457,51023,81087,36466,27420,32844,7239,6402,2644,2780,37303,12836,3790,9214,30869,7350,1696,3728,36355,98288,241538,136569,1
74814,88964,88311,107955,68174,73236,61348,150662,75848,61698,62351,42707,13466,27616,26963,46607,1578,15728,15075,34719,6640,20790,20137,39781,163778,353420,196266,1
79915,79847,80522,101362,81996,85793,79984,112101,32186,32254,31579,10739,69,137,538,21378,5878,5946,5271,15569,2081,2149,1474,19366,159762,359874,181884,1
113969,104726,108814,190357,121724,109411,120577,165042,51073,60316,56228,25315,6608,15851,11763,69780,4558,4685,597,80946,7755,16998,12910,68633,218695,516754,299171,1
7526,7277,6750,11105,7063,6804,6870,23126,15600,15849,16376,12021,656,407,120,4235,722,473,54,4301,463,214,313,4042,14803,43863,17855,1
41453,44154,40497,35787,40480,39615,41098,66452,24999,22298,25955,30665,355,3056,601,5311,1838,4539,882,3828,973,3674,17,4693,85607,187645,76284,1
140607,141778,132930,130472,142858,139555,138204,182108,41501,40330,49178,51636,2403,3574,5274,7732,1052,2223,6625,9083,2251,1080,9928,12386,282385,602725,263402,1
120339,122201,105492,125449,114985,113901,109841,220675,100336,98474,115183,95226,10498,12360,4349,15608,6438,8300,8409,11548,5354,7216,9493,10464,242540,559402,230941,1
51884,51151,43496,52922,49571,45167,49364,67669,15785,16518,24173,14747,2520,1787,5868,3558,6717,5984,1671,7755,2313,1580,6075,3351,103035,211771,96418,1
150354,165977,142081,123008,137888,144186,132505,162278,11924,3699,20197,39270,17849,33472,9576,9497,6168,21791,2105,21178,12466,28089,4193,14880,316331,576857,265089,1
83906,84767,76326,86057,82937,86124,81927,78726,5180,6041,2400,7331,1979,2840,5601,4130,2218,1357,9798,67,969,1830,6611,3120,168673,329714,162383,1
124256,127954,128841,113826,130300,128847,131931,145655,21399,17701,16814,31829,7675,3977,3090,18105,4591,893,6,15021,6044,2346,1459,16474,252210,536733,242667,1
157539,165047,152260,194332,160947,171271,155105,255263,97724,90216,103003,60931,2434,9942,2845,39227,13732,6224,19011,23061,3408,4100,8687,33385,322586,742586,346592,1
87934,94211,90321,96645,90971,94958,93911,171907,83973,77696,81586,75262,5977,300,3590,2734,7024,747,4637,1687,3037,3240,650,5674,182145,451747,186966,1
86546,99470,95423,77134,94897,87092,102322,82844,3702,16626,12579,5710,15776,2852,6899,25188,546,12378,8331,9958,8351,4573,526,17763,186016,367155,172557,1
75727,64607,65284,68224,76652,73758,74477,127202,51475,62595,61918,58978,1250,9870,9193,6253,1969,9151,8474,5534,925,12045,11368,8428,140334,352089,133508,1
185424,181492,190279,234833,195509,200412,196396,227886,42462,46394,37607,6947,10972,14904,6117,38437,14988,18920,10133,34421,10085,14017,5230,39324,366916,820203,425112,1
41502,34023,41978,28006,43190,43514,43531,116637,75135,82614,74659,88631,2029,9508,1553,15525,2012,9491,1536,15508,1688,9167,1212,15184,75525,246872,69984,1
140967,136269,151191,145241,177800,169946,196553,260506,119539,124237,109315,115265,55586,60284,45362,51312,28979,33677,18755,24705,36833,41531,26609,32559,277236,804805,296432,1
74179,69146,70755,74038,79618,77840,80086,199338,125159,130192,128583,125300,5907,10940,9331,6048,3661,8694,7085,3802,5439,10472,8863,5580,143325,436882,144793,1
89804,93552,84264,81815,95894,91418,93090,86821,2983,6731,2557,5006,3286,462,8826,11275,1614,2134,7154,9603,6090,2342,11630,14079,183356,367223,166079,1
19197,16291,14429,19946,17874,17403,17660,34879,15682,18588,20450,14933,1537,1369,3231,2286,1794,1112,2974,2543,1323,1583,3445,2072,35488,87816,34375,1
122127,122626,106944,154163,114531,117369,108712,227008,104881,104382,120064,72845,13415,13914,1768,45451,4758,5257,10425,36794,7596,8095,7587,39632,244753,567620,261107,1
170390,176488,170813,183774,171638,169765,167732,189903,19513,13415,19090,6129,2658,8756,3081,16042,625,6723,1048,14009,1248,4850,825,12136,346878,699038,354587,1
102697,100730,86158,61663,105700,97831,103656,115520,12823,14790,29362,53857,959,2926,17498,41993,4866,2899,11673,36168,3003,4970,19542,44037,203427,422707,147821,1
100923,101060,108979,140817,107227,111720,106786,160309,59386,59249,51330,19492,5863,5726,2193,34031,10797,10660,2741,29097,6304,6167,1752,33590,201983,486042,249796,1
95708,101959,88671,118097,98081,96425,101831,164762,69054,62803,76091,46665,6123,128,13160,16266,717,5534,7754,21672,2373,3878,9410,20016,197667,461099,206768,1
79691,70960,66970,93524,68065,61281,65762,125861,46170,54901,58891,32337,13929,5198,1208,27762,18410,9679,5689,32243,11626,2895,1095,25459,150651,320969,160494,1
98765,100925,92307,125161,79315,82040,73541,89670,9095,11255,2637,35491,25224,27384,18766,51620,16725,18885,10267,43121,19450,21610,12992,45846,199690,324566,217468,1
20841,23305,19077,20076,21675,18227,25272,47710,26869,24405,28633,27634,4431,1967,6195,5196,2614,5078,850,1849,834,1630,2598,1599,44146,112884,39153,1
49244,47850,52823,65399,51218,46355,44044,80285,31041,32435,27462,14886,5200,3806,8779,21355,2889,1495,6468,19044,1974,3368,1605,14181,97094,221902,118222,1
178121,160333,152345,211256,164419,158779,156828,220004,41883,59671,67659,8748,21293,3505,4483,54428,19342,1554,6434,52477,13702,4086,12074,46837,338454,700030,363601,1
210597,212157,203960,267853,217442,221575,221628,280523,69926,68366,76563,12670,11031,9471,17668,46225,10978,9418,17615,46278,6845,5285,13482,50411,422754,941168,471813,1
158598,164993,141804,166866,152347,158532,135296,135275,23323,29718,6529,31591,23302,29697,6508,31570,66,6461,16728,8334,6251,12646,10543,14519,323591,581450,308670,1
147901,158214,145924,138667,163117,157683,160780,185317,37416,27103,39393,46650,12879,2566,14856,22113,9782,531,11759,19016,15216,4903,17193,24450,306115,666897,284591,1
206014,200827,200876,215841,209490,199148,197601,324281,118267,123454,123405,108440,8413,3226,3275,18240,6866,1679,1728,16693,3476,8663,8614,6351,406841,930520,416717,1
100714,108270,105194,113916,101316,104022,100329,154681,53967,46411,49487,40765,385,7941,4865,13587,3308,4248,1172,9894,602,6954,3878,12600,208984,460348,219110,1
121096,114699,118095,144459,127364,119961,122863,228501,107405,113802,110406,84042,1767,8164,4768,21596,1135,5262,1866,24498,6268,12665,9269,17095,235795,598689,262554,1
93549,92970,88604,89167,99537,93513,101986,101620,8071,8650,13016,12453,8437,9016,13382,12819,36,543,4909,4346,5988,6567,10933,10370,186519,396656,177771,1
267969,270983,259799,288895,271067,269893,279805,353045,85076,82062,93246,64150,11836,8822,20006,9090,1924,1090,10094,19002,3098,84,11268,17828,538952,1173810,548694,1
159953,177260,169300,121033,171587,147527,182452,151760,8193,25500,17540,30727,22499,5192,13152,61419,12426,29733,21773,26494,11634,5673,2287,50554,337213,653326,290333,1
113499,126571,105425,143714,120218,109474,108085,96110,17389,30461,9315,47604,5414,18486,2660,35629,4025,17097,4049,34240,6719,6353,14793,23496,240070,433887,249139,1
108798,95939,103590,87871,117336,118532,115460,120138,11340,24199,16548,32267,6662,19521,11870,27589,9734,22593,14942,30661,8538,21397,13746,29465,204737,471466,191461,1
154246,148223,160788,138780,141489,156129,149363,204663,50417,56440,43875,65883,4883,1140,11425,10583,1883,7906,4659,17349,12757,6734,19299,2709,302469,651644,299568,1
51843,51263,46891,76110,48567,52175,49044,103295,51452,52032,56404,27185,2799,2219,2153,27066,332,912,5284,23935,3276,2696,1676,27543,103106,253081,123001,1
83071,81052,79241,61448,88178,89533,87979,186264,103193,105212,107023,124816,4908,6927,8738,26531,6462,8481,10292,28085,5107,7126,8937,26730,164123,451954,140689,1
33563,28685,28778,39411,29895,26035,32017,20072,13491,8613,8706,19339,1546,3332,3239,7394,7528,2650,2743,13376,3668,1210,1117,9516,62248,108019,68189,1
104474,116280,98478,182490,103700,113563,93967,155627,51153,39347,57149,26863,10507,22313,4511,88523,9089,2717,15085,68927,774,12580,5222,78790,220754,466857,280968,1
93758,105503,95692,95667,92441,109460,92734,153361,59603,47858,57669,57694,1024,12769,2958,2933,15702,3957,13768,13793,1317,13062,3251,3226,199261,447996,191359,1
58552,66499,66192,81452,65041,66372,73822,99798,41246,33299,33606,18346,15270,7323,7630,7630,7820,127,180,15080,6489,1458,1151,16411,125051,305033,147644,1
135558,148080,139748,173041,135956,142761,135470,150513,14955,2433,10765,22528,88,12610,4278,37571,7203,5319,3013,30280,398,12124,3792,37085,283638,564700,312789,1
97069,64503,77508,73716,95642,94131,65553,102486,5417,37983,24978,28770,31516,1050,11955,8163,2938,29628,16623,20415,1427,31139,18134,21926,161572,357812,151224,1
96123,97181,93986,119707,95891,104872,93256,91154,4969,6027,2832,28553,2867,3925,730,26451,8749,7691,10886,14835,232,1290,1905,23816,193304,385173,213693,1
279972,258994,258317,306086,260694,262693,276661,349841,69869,90847,91524,43755,3311,17667,18344,29425,17279,3699,4376,43393,19278,1700,2377,45392,538966,1149889,564403,1
92721,87194,84326,68912,91003,89120,91774,72153,20568,15041,12173,3241,947,4580,7448,22862,3601,1926,4794,20208,1718,3809,6677,22091,179915,344050,153238,1
72024,80599,73119,101920,70222,69057,63992,105635,33611,25036,32516,3715,8032,16607,9127,37928,2967,11542,4062,32863,1802,10377,2897,31698,152623,308906,175039,1
126972,143448,127651,123641,129611,133143,127984,121747,5225,21701,5904,1894,1012,15464,333,4343,6171,10305,5492,9502,2639,13837,1960,5970,270420,512485,251292,1
44145,33072,35422,35831,42703,41926,43410,102330,58185,69258,66908,66499,735,10338,7988,7579,2219,8854,6504,6095,1442,9631,7281,6872,77217,230369,71253,1
49475,55735,53540,70284,39299,47814,42007,78445,28970,22710,24905,8161,7468,13728,11533,28277,1661,7921,5726,22470,10176,16436,14241,30985,105210,207565,123824,1
148267,155496,142727,175559,152116,151065,145706,188463,40196,32967,45736,12904,2561,9790,2979,29853,2798,4431,8338,24494,3849,3380,9389,23443,303763,637350,318286,1
86101,76459,70723,59066,73178,73245,77696,124214,38113,47755,53491,65148,8405,1237,6973,18630,12856,3214,2522,14179,12923,3281,2455,14112,162560,348333,129789,1
200492,215390,189000,217379,196646,193974,188984,222457,21965,7067,33457,5078,11508,26406,16,28395,6518,21416,4974,23405,3846,18744,7646,20733,415882,802061,406379,1
129704,125423,115007,185321,133151,139141,135627,217274,87570,91851,102267,31953,5923,10204,20620,49694,9437,13718,24134,46180,3447,7728,18144,52170,255127,625193,300328,1
28386,27463,25849,33052,31134,28758,26634,100589,72203,73126,74740,67537,1752,829,785,6418,372,1295,2909,4294,2748,3671,5285,1918,55849,187115,58901,1
137442,127473,119767,153132,148041,140098,145587,178843,41401,51370,59076,25711,8145,18114,25820,7545,2656,12625,20331,13034,10599,20568,28274,5091,264915,612569,272899,1
53901,51746,52557,83338,53138,53909,57166,85081,31180,33335,32524,1743,3265,5420,4609,26172,8,2163,1352,29429,763,1392,581,30200,105647,249294,135895,1
122109,125627,129050,97658,139709,138818,137613,195856,73747,70229,66806,98198,15504,11986,8563,39955,16709,13191,9768,41160,17600,14082,10659,42051,247736,611996,226708,1
109327,121707,101428,99201,113865,114884,104127,112845,3518,8862,11417,13644,5200,17580,2699,4926,5557,6823,13456,15683,4538,7842,12437,14664,231034,445721,200629,1
102261,106639,96289,98934,100672,97726,96555,128916,26655,22277,32627,29982,5706,10084,266,2379,4535,8913,1437,1208,1589,5967,4383,1738,208900,423869,195223,1
118195,123117,109210,123613,114255,111553,113128,127290,9095,4173,18080,3677,5067,9989,3918,10485,6642,11564,2343,12060,3940,8862,5045,9358,241312,466226,232823,1
52019,55845,50500,49740,57482,53964,56062,47055,4964,8790,3445,2685,4043,217,5562,6322,1945,1881,3464,4224,5463,1637,6982,7742,107864,214563,100240,1
101508,103303,90258,155977,93371,90061,92700,109062,7554,5759,18804,46915,8808,10603,2442,63277,11447,13242,197,65916,8137,9932,3113,62606,204811,385194,246235,1
60727,60904,56729,54698,63135,61740,64711,53228,7499,7676,3501,1470,3984,3807,7982,10013,1013,836,5011,7042,2408,2231,6406,8437,121631,242814,111427,1
79111,83106,83814,49621,87529,83828,86788,147659,68548,64553,63845,98038,7677,3682,2974,37167,4717,722,14,34207,8418,4423,3715,37908,162217,405804,133435,1
17358,19572,15661,18125,18077,16667,17388,17496,138,2076,1835,629,30,2184,1727,737,691,2905,1006,1458,719,1495,2416,48,36930,69628,33786,1
86823,105089,88849,103534,88414,92748,89479,57212,29611,47877,31637,46322,2656,15610,630,14055,5925,12341,3899,10786,1591,16675,435,15120,191912,327853,192383,1
85252,74895,68161,79810,81799,76404,73396,100122,14870,25227,31961,20312,11856,1499,5235,6414,8848,1509,8243,3406,3453,6904,13638,1989,160147,331721,147971,1
139456,139436,135190,128837,151269,147211,146155,104750,34706,34686,30440,24087,6699,6719,10965,17318,7755,7775,12021,18374,11813,11833,16079,22432,278892,549385,264027,1
78483,73357,71206,133963,65258,72636,60772,159283,80800,85926,88077,25320,17711,12585,10434,73191,5847,721,1430,61327,13225,8099,5948,68705,151840,357949,205169,1
213650,220345,192771,193329,217029,208226,209552,238104,24454,17759,45333,44775,4098,10793,16781,16223,5424,12119,15455,14897,3379,3316,24258,23700,433995,872911,386100,1
36239,32520,32690,34587,31559,37379,34434,73300,37061,40780,40610,38713,1805,1914,1744,153,1140,4859,4689,2792,4680,961,1131,3028,68759,176672,67277,1
22795,20249,17336,25806,21876,23750,21914,45264,22469,25015,27928,19458,881,1665,4578,3892,955,3501,6414,2056,919,1627,4540,3930,43044,112804,43142,1
104902,107959,113155,101888,112657,113380,109898,113551,8649,5592,396,11663,4996,1939,3257,8010,8478,5421,225,11492,7755,4698,498,10769,212861,449486,215043,1
78773,87876,80625,79285,82955,80580,77244,70605,8168,17271,10020,8680,1529,10632,3381,2041,1807,7296,45,1295,4182,4921,2330,3670,166649,311384,159910,1
188332,210236,163794,253993,163381,177951,149043,225658,37326,15422,61864,28335,39289,61193,14751,104950,10381,32285,14157,76042,24951,46855,413,90612,398568,716033,417787,1
147487,157183,133059,230836,135909,135186,131603,272524,125037,115341,139465,41688,15884,25580,1456,99233,12301,21997,2127,95650,11578,21274,2850,94927,304670,675222,363895,1
50076,55268,41774,70420,43483,46533,49825,43641,6435,11627,1867,26779,251,5443,8051,20595,3543,8735,4759,23887,6593,11785,1709,26937,105344,183482,112194,1
37768,43364,35036,34217,35975,34937,36912,85246,47478,41882,50210,51029,856,6452,1876,2695,2831,8427,99,720,1793,7389,939,1758,81132,193070,69253,1
48529,48702,42197,49393,50969,49870,44215,57928,9399,9226,15731,8535,4314,4487,2018,5178,1341,1168,7673,477,2440,2267,8772,1576,97231,202982,91590,1
138541,154301,135702,132218,131613,134826,132685,192941,54400,38640,57239,60723,5856,21616,3017,467,3715,19475,876,2608,6928,22688,4089,605,292842,592065,267920,1
172013,178493,183558,124132,186609,186894,193904,153546,18467,24947,30012,29414,21891,15411,10346,69772,14881,8401,3336,62762,14596,8116,3051,62477,350506,720953,307690,1
253533,252444,235344,202395,270315,279196,240104,310931,57398,58487,75587,108536,13429,12340,4760,37709,25663,26752,43852,76801,16782,17871,34971,67920,505977,1100546,437739,1
152192,151653,163628,164715,157600,167308,159002,190316,38124,38663,26688,25601,6810,7349,4626,5713,15116,15655,3680,2593,5408,5947,6028,7115,303845,674226,328343,1
164467,186916,159319,164554,177053,172056,173823,236884,72417,49968,77565,72330,9356,13093,14504,9269,7589,14860,12737,7502,12586,9863,17734,12499,351383,759816,323873,1
50398,49104,45672,32563,53365,48130,53854,58082,7684,8978,12410,25519,3456,4750,8182,21291,2268,974,2458,15567,2967,4261,7693,20802,99502,213431,78235,1
160332,171232,155306,169086,158356,163454,153793,240038,79706,68806,84732,70952,6539,17439,1513,15293,3122,7778,8148,5632,1976,12876,3050,10730,331564,715641,324392,1
47938,46521,46453,43004,50282,50969,48803,63699,15761,17178,17246,20695,865,2282,2350,5799,3031,4448,4516,7965,2344,3761,3829,7278,94459,213753,89457,1
20206,20189,18609,21407,15913,18436,18303,27294,7088,7105,8685,5887,1903,1886,306,3104,1770,1753,173,2971,4293,4276,2696,5494,40395,79946,40016,1
233894,221642,210574,230085,216507,221770,213728,224219,9675,2577,13645,5866,20166,7914,3154,16357,12124,128,11196,8315,17387,5135,5933,13578,455536,876224,440659,1
232937,248333,205453,234940,228964,227014,233465,286126,53189,37793,80673,51186,528,14868,28012,1475,5923,21319,21561,7926,3973,19369,23511,5976,481270,975569,440393,1
156876,150783,145769,207497,174840,186470,182547,307623,150747,156840,161854,100126,25671,31764,36778,24950,29594,35687,40701,21027,17964,24057,29071,32657,307659,851480,353266,1
31156,37450,32861,92195,39418,37064,40106,88936,57780,51486,56075,3259,8950,2656,7245,52089,5908,386,4203,55131,8262,1968,6557,52777,68606,205524,125056,1
46523,45598,42229,42526,45792,46714,41827,28137,18386,17461,14092,14389,4696,3771,402,699,191,1116,4485,4188,731,194,3563,3266,92121,162470,84755,1
142555,143428,135560,134728,157587,150956,148334,162707,20152,19279,27147,27979,5779,4906,12774,13606,8401,7528,15396,16228,15032,14159,22027,22859,285983,619584,270288,1
72055,73963,70423,76234,71482,72381,74234,131538,59483,57575,61115,55304,2179,271,3811,2000,326,1582,1958,3853,573,2481,1059,4752,146018,349635,146657,1
165964,169537,155494,209112,154675,164906,143914,209949,43985,40412,54455,837,22050,25623,11580,65198,1058,4631,9412,44206,11289,14862,819,54437,335501,673444,364606,1
157049,149670,135292,152671,143832,145344,141140,204721,47672,55051,69429,52050,15909,8530,5848,11531,11705,4326,10052,7327,13217,5838,8540,8839,306719,635037,287963,1
27708,23768,26450,27050,28779,27487,29034,34602,6894,10834,8152,7552,1326,5266,2584,1984,221,3719,1037,437,1071,5011,2329,1729,51476,119902,53500,1
128577,120044,115591,156352,119108,122453,110451,242952,114375,122908,127361,86600,18126,9593,5140,45901,6124,2409,6862,33899,9469,936,3517,37244,248621,594964,271943,1
284011,269845,282840,268930,286227,285744,273326,302175,18164,32330,19335,33245,10685,3481,9514,4396,1733,15899,2904,16814,2216,16382,3387,17297,553856,1147472,551770,1
11872,20618,16057,9800,9629,13588,12838,2633,9239,17985,13424,7167,966,7780,3219,3038,1716,7030,2469,3788,2243,10989,6428,171,32490,38688,25857,1
58208,54964,57253,64683,58866,59932,57330,81102,22894,26138,23849,16419,878,2366,77,7353,1724,4968,2679,4751,658,3902,1613,5817,113172,257230,121936,1
95109,97367,83762,126645,86869,81548,77574,169958,74849,72591,86196,43313,17535,19793,6188,49071,13561,15819,2214,45097,8240,10498,3107,39776,192476,415949,210407,1
62688,75325,71592,103918,72884,76747,78032,91471,28783,16146,19879,12447,15344,2707,6440,25886,14059,1422,5155,27171,10196,2441,1292,31034,138013,319134,175510,1
151059,145808,138514,151674,152414,155557,143255,159156,8097,13348,20642,7482,7804,2553,4741,8419,4498,9749,17043,3883,1355,6606,13900,740,296867,610382,290188,1
210009,206591,194606,238095,202223,210598,212011,288442,78433,81851,93836,50347,2002,5420,17405,26084,589,4007,15992,27497,7786,4368,7617,35872,416600,913274,432701,1
46503,50354,43051,61741,43600,45907,43524,94472,47969,44118,51421,32731,2979,6830,473,18217,596,4447,2856,15834,2903,6754,549,18141,96857,227503,104792,1
22877,22963,22555,20127,26227,24173,26245,22959,82,4,404,2832,3368,3282,3690,6118,1296,1210,1618,4046,3350,3264,3672,6100,45840,99604,42682,1
60007,63423,51696,81477,60916,57320,56944,63992,3985,569,12296,17485,3063,6479,5248,24533,2687,6103,5624,24157,909,2507,9220,20561,123430,239172,133173,1
61358,69854,57159,74133,55696,60864,58247,63276,1918,6578,6117,10857,3111,11607,1088,15886,494,8990,3705,13269,5662,14158,1463,18437,131212,238083,131292,1
68082,64525,66392,52529,70767,68935,69390,80441,12359,15916,14049,27912,1308,4865,2998,16861,853,4410,2543,16406,2685,6242,4375,18238,132607,289533,118921,1
117495,127581,113170,115210,129346,122574,122276,164274,46779,36693,51104,49064,4781,5305,9106,7066,5079,5007,9404,7364,11851,1765,16176,14136,245076,538470,228380,1
85526,87679,84009,50424,88994,93804,91870,75002,10524,12677,9007,24578,6344,4191,7861,41446,8278,6125,9795,43380,3468,1315,4985,38570,173205,349670,134433,1
118959,136206,110084,159613,118408,120693,104791,133063,14104,3143,22979,26550,14168,31415,5293,54822,1734,15513,10609,38920,551,17798,8324,41205,255165,476955,269697,1
203597,188646,194873,194018,204561,208784,208935,293723,90126,105077,98850,99705,5338,20289,14062,14917,5187,20138,13911,14766,964,15915,9688,10543,392243,916003,388891,1
104895,119811,106542,133659,113055,109905,120920,108757,3862,11054,2215,24902,16025,1109,14378,12739,5010,9906,3363,23754,8160,6756,6513,20604,224706,452637,240201,1
126272,117121,115629,101221,110251,104245,96938,152604,26332,35483,36975,51383,29334,20183,18691,4283,22027,12876,11384,3024,16021,6870,5378,9030,243393,464038,216850,1
106604,106022,96087,115587,102536,100411,98486,130644,24040,24622,34557,15057,8118,7536,2399,17101,6193,5611,4324,15176,4068,3486,6449,13051,212626,432077,211674,1
144407,153585,129064,218741,142894,139094,141915,280348,135941,126763,151284,61607,2492,11670,12851,76826,5313,14491,10030,79647,1513,10691,13830,75847,297992,704251,347805,1
126609,126902,120085,139871,127206,120769,124320,126995,386,93,6910,12876,2289,2582,4235,15551,5840,6133,684,19102,597,304,7121,12665,253511,499290,259956,1
68781,80781,60780,64152,68056,66826,64767,93345,24564,12564,32565,29193,4014,16014,3987,615,1955,13955,6046,2674,725,12725,7276,3904,149562,292994,124932,1
38108,40659,34126,36207,41674,40410,38472,32390,5718,8269,1736,3817,364,2187,4346,2265,2302,249,6284,4203,3566,1015,7548,5467,78767,152946,70333,1
68997,84553,85799,121497,85755,85211,87223,84609,15612,56,1190,36888,18226,2670,1424,34274,16214,658,588,36286,16758,1202,44,35742,153550,342798,207296,1
58128,64656,61054,68099,62396,64180,59579,118885,60757,54229,57831,50786,1451,5077,1475,8520,6052,476,3126,3919,4268,2260,1342,5703,122784,305040,129153,1
145673,149471,134675,188346,134991,143855,131488,183030,37357,33559,48355,5316,14185,17983,3187,56858,1818,5616,9180,44491,10682,14480,316,53355,295144,593364,323021,1
132570,131658,124809,141884,134680,130862,126548,185507,52937,53849,60698,43623,6022,5110,1739,15336,1708,796,6053,11022,2110,3022,9871,7204,264228,577597,266693,1
82509,78216,76285,53798,83127,81100,81031,90998,8489,12782,14713,37200,1478,2815,4746,27233,1409,2884,4815,27302,618,4911,6842,29329,160725,336256,130083,1
151931,163168,157465,142023,169287,174304,165150,226074,74143,62906,68609,84051,13219,1982,7685,23127,22373,11136,16839,32281,17356,6119,11822,27264,315099,734815,299488,1
210142,231403,210725,276344,207412,206981,193968,220601,10459,10802,9876,55743,16174,37435,16757,82376,3161,24422,3744,69363,2730,23991,3313,68932,441545,828962,487069,1
222079,225528,207113,255387,229484,222704,228511,256969,34890,31441,49856,1582,6432,2983,21398,26876,625,2824,15591,32683,7405,3956,22371,25903,447607,937668,462500,1
216752,208495,190000,228509,192971,206282,167878,247275,30523,38780,57275,18766,48874,40617,22122,60631,10470,2213,16282,22227,23781,15524,2971,35538,425247,814406,418509,1
144941,144621,129199,166361,141689,137419,134414,107358,37583,37263,21841,59003,10527,10207,5215,31947,7522,7202,8220,28942,3252,2932,12490,24672,289562,520880,295560,1
131008,113930,122086,142210,122245,126163,122843,233533,102525,119603,111447,91323,8165,8913,757,19367,4845,12233,4077,16047,8763,8315,159,19965,244938,604784,264296,1
104534,116873,100590,131980,106999,106854,97161,156861,52327,39988,56271,24881,7373,19712,3429,34819,2320,10019,6264,25126,2465,9874,6409,24981,221407,467875,232570,1
235439,203035,209485,215740,212558,205840,223977,355322,119883,152287,145837,139582,11462,20942,14492,8237,29599,2805,3645,9900,22881,9523,3073,3182,438474,997697,425225,1
146555,156155,143245,162205,148794,145302,144046,171279,24724,15124,28034,9074,2509,12109,801,18159,1253,10853,2057,16903,2239,7361,5549,13411,302710,609421,305450,1
83569,85918,77806,66939,75862,77535,70806,97378,13809,11460,19572,30439,12763,15112,7000,3867,6034,8383,271,10596,7707,10056,1944,8923,169487,321581,144745,1
112781,139596,113655,175137,99327,98972,91788,164468,51687,24872,50813,10669,20993,47808,21867,83349,13809,40624,14683,76165,13454,40269,14328,75810,252377,454555,288792,1
300942,284460,261116,269353,306041,298514,265892,384737,83795,100277,123621,115384,35050,18568,4776,3461,2428,14054,37398,29161,5099,21581,44925,36688,585402,1255184,530469,1
94017,100775,88388,71518,97650,98810,90421,134620,40603,33845,46232,63102,3596,10354,2033,18903,4793,1965,10422,27292,3633,3125,9262,26132,194792,421501,159906,1
102099,106783,94814,100195,111133,109691,103496,130573,28474,23790,35759,30378,1397,3287,8682,3301,7592,2908,14877,9496,9034,4350,16319,10938,208882,454893,195009,1
31733,34420,33542,56784,29577,30108,27760,44881,13148,10461,11339,11903,3973,6660,5782,29024,1625,4312,3434,26676,2156,4843,3965,27207,66153,132326,90326,1
4153,3910,3805,3293,3777,3985,4006,24899,20746,20989,21094,21606,147,96,201,713,168,75,180,692,376,133,28,484,8063,36667,7098,1
69137,90593,68300,61233,49601,51519,42021,61896,7241,28697,6404,663,27116,48572,26279,19212,17618,39074,16781,9714,19536,40992,18699,11632,159730,205037,129533,1
46348,39963,47511,32097,45445,49899,47214,103617,57269,63654,56106,71520,866,7251,297,15117,3551,9936,2388,17802,903,5482,2066,13348,86311,246175,79608,1
70389,70718,59532,134320,67757,68353,61401,133656,63267,62938,74124,664,8988,9317,1869,72919,2036,2365,8821,65967,2632,2961,8225,66563,141107,331167,193852,1
10797,10977,10218,11863,6375,10155,9699,21431,10634,10454,11213,9568,1098,1278,519,2164,642,822,63,1708,4422,4602,3843,5488,21774,47660,22081,1
33635,34617,24894,47287,34529,34495,29256,70316,36681,35699,45422,23029,4379,5361,4362,18031,860,122,9601,12792,894,88,9635,12758,68252,168596,72181,1
60948,63494,61416,74811,48564,52520,41271,60292,656,3202,1124,14519,19677,22223,20145,33540,8428,10974,8896,22291,12384,14930,12852,26247,124442,202647,136227,1
186958,181082,188876,187268,191454,205277,196665,163751,23207,17331,25125,23517,9707,15583,7789,9397,18319,24195,16401,18009,4496,10372,2578,4186,368040,757147,376144,1
25352,27318,27020,31134,28142,28138,25391,55236,29884,27918,28216,24102,39,1927,1629,5743,2786,820,1118,2996,2790,824,1122,2992,52670,136907,58154,1
152879,160286,141136,169256,141213,149726,144318,163377,10498,3091,22241,5879,8561,15968,3182,24938,3153,10560,8590,19530,11666,19073,77,28043,313165,598634,310392,1
94067,101709,98939,82347,99382,102541,99037,154462,60395,52753,55523,72115,4970,2672,98,16690,8474,832,3602,20194,5315,2327,443,17035,195776,455422,181286,1
34240,41685,32635,47226,31552,36108,29178,49995,15755,8310,17360,2769,5062,12507,3457,18048,1868,5577,3473,11118,2688,10133,1083,15674,75925,146833,79861,1
39486,41287,40072,84818,34109,32873,31073,80667,41181,39380,40595,4151,8413,10214,8999,53745,6613,8414,7199,51945,5377,7178,5963,50709,80773,178722,124890,1
90403,95786,90509,96018,84013,87656,84522,141282,50879,45496,50773,45264,5881,11264,5987,11496,2747,8130,2853,8362,6390,11773,6496,12005,186189,397473,186527,1
129789,129421,127109,117374,117016,124121,119983,213623,83834,84202,86514,96249,9806,9438,7126,2609,5668,5300,2988,6747,12773,12405,10093,358,259210,574743,244483,1
234144,244580,248094,232183,254456,256400,251663,337902,103758,93322,89808,105719,17519,7083,3569,19480,22256,11820,8306,24217,20312,9876,6362,22273,478724,1100421,480277,1
56833,63472,78969,50731,76643,75671,72271,46517,10316,16955,32452,4214,15438,8799,6698,21540,18838,12199,3298,24940,19810,13171,2326,25912,120305,271102,129700,1
56833,63472,78969,50731,76643,75671,72271,46517,10316,16955,32452,4214,15438,8799,6698,21540,18838,12199,3298,24940,19810,13171,2326,25912,120305,271102,129700,1
112783,121715,120597,145043,132441,138302,137797,141563,28780,19848,20966,3480,25014,16082,17200,7246,25519,16587,17705,6741,19658,10726,11844,12602,234498,550103,265640,1
66126,71143,63384,90838,64035,69216,59775,125047,58921,53904,61663,34209,6351,11368,3609,31063,3090,1927,5832,21622,2091,7108,651,26803,137269,318073,154222,1
110251,121864,121993,202123,125479,124571,117638,180938,70687,59074,58945,21185,7387,4226,4355,84485,14320,2707,2578,77552,15228,3615,3486,76644,232115,548626,324116,1
196407,213520,184130,288532,196586,196452,193231,313963,117556,100443,129833,25431,3176,20289,9101,95301,45,17068,12322,92080,179,16934,12456,91946,409927,900232,472662,1
85516,95637,83992,92571,104621,96979,105500,157818,72302,62181,73826,65247,19984,9863,21508,12929,11463,1342,12987,4408,19105,8984,20629,12050,181153,464918,176563,1
54818,44347,45133,45831,53130,51465,42722,83058,28240,38711,37925,37227,12096,1625,2411,3109,3353,7118,6332,5634,1688,8783,7997,7299,99165,230375,90964,1
146582,156619,148111,134276,141711,139373,137854,123526,23056,33093,24585,10750,8728,18765,10257,3578,7209,17246,8738,5097,4871,14908,6400,7435,303201,542464,282387,1
96036,101609,107719,112042,110668,106219,120798,128952,32916,27343,21233,16910,24762,19189,13079,8756,10183,4610,1500,5823,14632,9059,2949,1374,197645,466637,219761,1
45540,47962,47414,36506,47470,48013,46190,64771,19231,16809,17357,28265,650,1772,1224,9684,2473,51,599,11507,1930,492,56,10964,93502,206444,83920,1
109431,115240,111235,145265,109747,109825,98876,155974,46543,40734,44739,10709,10555,16364,12359,46389,394,5415,1410,35440,316,5493,1488,35518,224671,474422,256500,1
179317,164416,158972,181819,177519,170637,156721,237059,57742,72643,78087,55240,22596,7695,2251,25098,8680,6221,11665,11182,1798,13103,18547,4300,343733,741936,340791,1
145434,154537,138090,144088,150108,153691,157748,156166,10732,1629,18076,12078,12314,3211,19658,13660,8257,846,15601,9603,4674,4429,12018,6020,299971,617713,282178,1
134228,146556,143055,101568,151065,148761,159200,201788,67560,55232,58733,100220,24972,12644,16145,57632,14533,2205,5706,47193,16837,4509,8010,49497,280784,660814,244623,1
26758,21306,21543,37883,23928,21683,25800,63262,36504,41956,41719,25379,958,4494,4257,12083,5075,377,140,16200,2830,2622,2385,13955,48064,134673,59426,1
112894,107319,109214,107434,111971,107834,110315,147174,34280,39855,37960,39740,2579,2996,1101,2881,5060,515,1380,400,923,4652,2757,4537,220213,477294,216648,1
157079,180040,171282,218595,179291,178529,171423,213315,56236,33275,42033,5280,14344,8617,141,47172,21450,1511,7247,40066,22212,749,8009,39304,337119,742558,389877,1
50468,55963,46091,82993,50260,49871,48788,49063,1405,6900,2972,33930,1680,7175,2697,34205,597,6092,3780,33122,208,5703,4169,32733,106431,197982,129084,1
148200,148727,144463,159119,150552,152293,144274,165874,17674,17147,21411,6755,3926,4453,189,14845,4093,3566,7830,6826,2352,1825,6089,8567,296927,612993,303582,1
152058,135819,133917,121854,146575,126850,139426,183323,31265,47504,49406,61469,12632,3607,5509,17572,25208,8969,7067,4996,5483,10756,12658,24721,287877,596174,255771,1
59863,64276,54085,70985,59429,59996,62584,86885,27022,22609,32800,15900,2721,1692,8499,8401,133,4280,5911,10989,434,4847,5344,11556,124139,268894,125070,1
75229,79626,71454,87286,72468,75561,78149,71366,3863,8260,88,15920,2920,1477,6695,9137,332,4065,4107,11725,2761,7158,1014,14818,154855,297544,158740,1
59018,65163,49532,70668,57320,54094,58188,53744,5274,11419,4212,16924,830,6975,8656,12480,4924,11069,4562,16574,1698,7843,7788,13348,124181,223346,120200,1
188777,179475,170884,234730,181323,181937,177296,330658,141881,151183,159774,95928,11481,2179,6412,57434,6840,2462,11053,52793,7454,1848,10439,53407,368252,871214,405614,1
62113,70959,58850,81829,65934,66614,66686,65597,3484,5362,6747,16232,4573,4273,7836,15143,4501,4345,7764,15215,3821,5025,7084,15895,133072,264831,140679,1
163364,159433,139029,197261,154313,138740,145538,208759,45395,49326,69730,11498,17826,13895,6509,51723,24624,20693,289,58521,9051,5120,15284,42948,322797,647350,336290,1
175067,161429,162662,155206,161951,162831,161986,192822,17755,31393,30160,37616,13081,557,676,6780,12236,1402,169,7625,13116,522,711,6745,336496,679590,317868,1
76369,76427,76538,64595,86926,90133,84986,126656,50287,50229,50118,62061,8617,8559,8448,20391,13764,13706,13595,25538,10557,10499,10388,22331,152796,388701,141133,1
125915,119283,105112,142013,97421,96009,87017,189622,63707,70339,84510,47609,38898,32266,18095,54996,29906,23274,9103,46004,28494,21862,7691,44592,245198,470069,247125,1
71319,78442,70368,96821,67686,74109,63862,74270,2951,4172,3902,22551,7457,14580,6506,32959,2790,4333,3741,22712,3633,10756,2682,29135,149761,279927,167189,1
90183,97580,86533,69192,90188,87343,85828,128777,38594,31197,42244,59585,4355,11752,705,16636,2840,10237,810,18151,5,7392,3655,20996,187763,392136,155725,1
107406,119922,108503,125664,123428,120363,110628,94126,13280,25796,14377,31538,3222,9294,2125,15036,12957,441,11860,5301,16022,3506,14925,2236,227328,448545,234167,1
35904,36385,31760,39679,34986,32440,34675,34952,952,1433,3192,4727,1229,1710,2915,5004,3464,3945,680,7239,918,1399,3226,4693,72289,137053,71439,1
87571,95872,86570,89391,90532,94765,87630,113763,26192,17891,27193,24372,59,8242,1060,1761,7194,1107,8195,5374,2961,5340,3962,1141,183443,386690,175961,1
38026,38832,43876,40312,42599,51019,40601,74473,36447,35641,30597,34161,2575,1769,3275,289,12993,12187,7143,10707,4573,3767,1277,2287,76858,208692,84188,1
59509,62856,58998,52949,61073,59900,58143,80218,20709,17362,21220,27269,1366,4713,855,5194,391,2956,902,6951,1564,1783,2075,8124,122365,259334,111947,1
134331,139543,123397,152008,128080,125513,129979,174064,39733,34521,50667,22056,4352,9564,6582,22029,8818,14030,2116,26495,6251,11463,4683,23928,273874,557636,275405,1
46029,49971,45069,70816,46971,46863,44752,111493,65464,61522,66424,40677,1277,5219,317,26064,834,3108,1794,23953,942,3000,1902,23845,96000,250079,115885,1
81961,85279,70383,103737,68441,68092,73474,73914,8047,11365,3531,29823,8487,11805,3091,30263,13869,17187,2291,35645,13520,16838,1942,35296,167240,283921,174120,1
185203,203811,199586,188737,200083,206704,207752,145227,39976,58584,54359,43510,22549,3941,8166,19015,21501,2893,7118,17967,14880,3728,497,11346,389014,759766,388323,1
62910,78333,68195,117514,70599,66199,61015,132913,70003,54580,64718,15399,1895,17318,7180,56499,3289,12134,1996,51315,7689,7734,2404,46915,141243,330726,185709,1
59608,70162,59622,72592,68220,64470,74180,84396,24788,14234,24774,11804,14572,4018,14558,1588,4862,5692,4848,8122,8612,1942,8598,4372,129770,291266,132214,1
160600,172535,134359,226265,153039,152143,151780,202723,42123,30188,68364,23542,8820,20755,17421,74485,8457,20392,17784,74122,7561,19496,18680,73226,333135,659685,360624,1
167908,178367,164051,169203,163330,165385,161240,232799,64891,54432,68748,63596,6668,17127,2811,7963,2523,12982,1334,3818,4578,15037,721,5873,346275,722754,333254,1
113515,105126,100490,132607,114144,99777,112780,152977,39462,47851,52487,20370,735,7654,12290,19827,13738,5349,713,32830,629,9018,13654,18463,218641,479678,233097,1
78763,87555,67637,89363,77941,78395,82207,108722,29959,21167,41085,19359,3444,5348,14570,7156,368,9160,10758,10968,822,9614,10304,11422,166318,347265,157000,1
245441,257123,228112,255547,256225,250928,249270,285689,40248,28566,57577,30142,3829,7853,21158,6277,5487,6195,22816,4619,10784,898,28113,678,502564,1042112,483659,1
103165,97175,106943,94401,111265,111081,111918,110569,7404,13394,3626,16168,8753,14743,4975,17517,7916,13906,4138,16680,8100,14090,4322,16864,200340,444833,201344,1
178796,166409,170864,172081,204615,189153,197014,151739,27057,14670,19125,20342,18218,30605,26150,24933,10357,22744,18289,17072,25819,38206,33751,32534,345205,742521,342945,1
137947,139661,142418,137720,151298,149348,156481,233736,95789,94075,91318,96016,18534,16820,14063,18761,11401,9687,6930,11628,13351,11637,8880,13578,277608,690863,280138,1
123447,137734,126633,132969,117439,135237,116202,149013,25566,11279,22380,16044,7245,21532,10431,16767,11790,2497,8604,2268,6008,20295,9194,15530,261181,517891,259602,1
55007,54247,54012,73721,53486,50493,50841,75247,20240,21000,21235,1526,4166,3406,3171,22880,4514,3754,3519,23228,1521,761,526,20235,109254,230067,127733,1
124985,135784,121401,134466,132738,129466,131913,161396,36411,25612,39995,26930,6928,3871,10512,2553,4481,6318,8065,5000,7753,3046,11337,1728,260769,555513,255867,1
155291,145953,126449,202510,149477,148942,143466,169408,14117,23455,42959,33102,11825,2487,17017,59044,6349,2989,22493,53568,5814,3524,23028,53033,301244,611293,328959,1
103801,101541,85760,91476,106555,105023,102029,121520,17719,19979,35760,30044,1772,488,16269,10553,1222,3482,19263,13547,2754,5014,20795,15079,205342,435127,177236,1
223579,229311,194598,222583,230790,219314,222046,240112,16533,10801,45514,17529,1533,7265,27448,537,4265,9997,24716,3269,7211,1479,36192,8207,452890,912262,417181,1
25412,23835,20824,38409,21081,20325,19529,31519,6107,7684,10695,6890,5883,4306,1295,18880,5087,3510,499,18084,4331,2754,257,17328,49247,92454,59233,1
147722,148115,134442,137226,145577,143723,139898,138524,9198,9591,4082,1298,7824,8217,5456,2672,3999,4392,9281,6497,2145,2538,11135,8351,295837,567722,271668,1
134105,135557,132716,144968,144677,143429,141481,195046,60941,59489,62330,50078,7376,5924,8765,3487,9324,7872,10713,1539,10572,9120,11961,291,269662,624633,277684,1
234265,236298,214022,233608,232694,231242,237126,420119,185854,183821,206097,186511,2861,828,23104,3518,3023,5056,17220,2366,1571,3604,18672,914,470563,1121181,447630,1
134220,129293,119788,159543,132658,127609,122428,267098,132878,137805,147310,107555,11792,6865,2640,37115,6611,1684,7821,31934,1562,3365,12870,26885,263513,649793,279331,1
146647,168707,140248,138562,148927,143381,154521,172630,25983,3923,32382,34068,7874,14186,14273,15959,3266,25326,3133,4819,2280,19780,8679,10365,315354,619459,278810,1
221987,267518,230843,293461,241339,250027,224585,241652,19665,25866,10809,51809,2598,42933,6258,68876,28040,17491,19184,43434,19352,26179,10496,52122,489505,957603,524304,1
59308,66700,56140,57827,59584,54814,52062,84892,25584,18192,28752,27065,7246,14638,4078,5765,4494,11886,1326,3013,276,7116,3444,1757,126008,251352,113967,1
197532,218419,196542,239333,204130,207989,190125,220087,22555,1668,23545,19246,7407,28294,6417,49208,10457,10430,11447,31344,6598,14289,7588,35203,415951,822331,435875,1
59783,64501,59118,79235,64113,63830,63063,41670,18113,22831,17448,37565,3280,1438,3945,16172,4047,671,4712,15405,4330,388,4995,15122,124284,232676,138353,1
74673,70628,54749,101536,64487,63960,64311,60116,14557,10512,5367,41420,10362,6317,9562,37225,10713,6668,9211,37576,10186,6141,9738,37049,145301,252874,156285,1
9326,10932,10966,29967,7082,9886,6635,18789,9463,7857,7823,11178,2691,4297,4331,23332,560,1046,1080,20081,2244,3850,3884,22885,20258,42392,40933,1
46966,46262,35704,38745,47110,41796,42531,22454,24512,23808,13250,16291,4435,3731,6827,3786,5170,4466,6092,3051,144,848,11406,8365,93228,153891,74449,1
162258,155439,148056,172075,144186,150988,158494,292503,130245,137064,144447,120428,3764,3055,10438,13581,11270,4451,2932,21087,18072,11253,3870,27889,317697,746171,320131,1
118059,120588,107691,121315,111953,106093,117541,146520,28461,25932,38829,25205,518,3047,9850,3774,11966,14495,1598,15222,6106,8635,4262,9362,238647,482107,229006,1
56209,57338,50459,74082,52424,51334,53250,60697,4488,3359,10238,13385,2959,4088,2791,20832,4875,6004,875,22748,3785,4914,1965,21658,113547,217705,124541,1
58017,58625,57118,113683,61076,57205,56420,84344,26327,25719,27226,29339,1597,2205,698,57263,812,1420,87,56478,3059,2451,3958,52607,116642,259045,170801,1
121577,109605,111931,152573,104780,112296,114184,211366,89789,101761,99435,58793,7393,4579,2253,38389,9281,2691,365,40277,16797,4825,7151,47793,231182,542626,264504,1
52865,59042,47439,71642,58175,56143,48996,66568,13703,7526,19129,5074,3869,10046,1557,22646,3278,2899,8704,15499,5310,867,10736,13467,111907,229882,119081,1
84854,91808,80451,126714,80667,81968,81533,126074,41220,34266,45623,640,3321,10275,1082,45181,2886,9840,1517,44746,4187,11141,216,46047,176662,370242,207165,1
134316,142418,125883,139230,132164,134552,136556,196249,61933,53831,70366,57019,2240,5862,10673,2674,236,7866,8669,4678,2152,10254,6281,7066,276734,599521,265113,1
122985,125722,109428,129334,119703,120123,109838,127223,4238,1501,17795,2111,13147,15884,410,19496,2862,5599,10695,9211,3282,6019,10275,9631,248707,476887,238762,1
172003,169820,169982,207872,160213,169781,165077,311760,139757,141940,141778,103888,6926,4743,4905,42795,2222,39,201,38091,11790,9607,9769,47659,341823,806831,377854,1
50237,59999,54428,55486,58795,57630,56007,35001,15236,24998,19427,20485,5770,3992,1579,521,7393,2369,3202,2144,8558,1204,4367,3309,110236,207433,109914,1
91137,87232,102432,68312,100390,91762,91959,141139,50002,53907,38707,72827,822,4727,10473,23647,625,4530,10670,23450,9253,13158,2042,32078,178369,425250,170744,1
2858,4528,3100,21780,2607,2868,1697,15995,13137,11467,12895,5785,1161,2831,1403,20083,10,1660,232,18912,251,1921,493,19173,7386,23167,24880,1
8464,9093,8931,19095,8376,8400,7596,12999,4535,3906,4068,6096,868,1497,1335,11499,64,693,531,10695,88,717,555,10719,17557,37371,28026,1
295503,298550,288988,289554,315866,308531,291561,282828,12675,15722,6160,6726,3942,6989,2573,2007,13028,9981,19543,18977,20363,17316,26878,26312,594053,1198786,578542,1
54511,60847,50626,80794,55305,55994,49341,63024,8513,2177,12398,17770,5170,11506,1285,31453,1483,4853,5368,24800,794,5542,4679,25489,115358,223664,131420,1
35677,32111,29135,77391,30614,27648,23614,64183,28506,32072,35048,13208,12063,8497,5521,53777,8029,4463,1487,49743,5063,1497,1479,46777,67788,146059,106526,1
99693,99863,91106,115107,101738,100807,104442,151912,52219,52049,60806,36805,4749,4579,13336,10665,1114,944,9701,14300,2045,1875,10632,13369,199556,458899,206213,1
69752,88132,73442,114241,75442,81335,69723,82933,13181,5199,9491,31308,29,18409,3719,44518,11583,6797,7893,32906,5690,12690,2000,38799,157884,309433,187683,1
111335,121938,106166,166823,110157,108154,104015,193081,81746,71143,86915,26258,7320,17923,2151,62808,3181,13784,1988,58669,1178,11781,3991,56666,233273,515407,272989,1
182638,186883,180059,191673,183965,190734,174363,258859,76221,71976,78800,67186,8275,12520,5696,17310,8096,3851,10675,939,1327,2918,3906,7708,369521,807921,371732,1
141491,147020,132640,175083,140224,136585,137017,126950,14541,20070,5690,48133,4474,10003,4377,38066,4906,10435,3945,38498,1267,6796,7584,34859,288511,540776,307723,1
35842,40304,31311,25778,40390,39786,35532,12668,23174,27636,18643,13110,310,4772,4221,9754,3944,518,8475,14008,4548,86,9079,14612,76146,128376,57089,1
48591,60497,45772,83888,51005,51336,36133,102694,54103,42197,56922,18806,12458,24364,9639,47755,2745,9161,5564,32552,2414,9492,5233,32883,109088,241168,129660,1
173551,177721,159292,168224,157214,165026,152367,154888,18663,22833,4404,13336,21184,25354,6925,15857,8525,12695,5734,3198,16337,20507,2078,11010,351272,629495,327516,1
134912,135875,125489,125944,128257,127395,123812,129497,5415,6378,4008,3553,11100,12063,1677,2132,7517,8480,1906,1451,6655,7618,2768,2313,270787,508961,251433,1
59243,66245,50780,55267,56390,57257,51401,107358,48115,41113,56578,52091,7842,14844,621,3866,1986,8988,6477,1990,2853,9855,5610,1123,125488,272406,106047,1
63450,63620,54619,62051,61603,59770,60200,43513,19937,20107,11106,18538,3250,3420,5581,1851,3680,3850,5151,2281,1847,2017,6984,448,127070,225086,116670,1
73340,85098,71505,118538,79339,79428,71858,96614,23274,11516,25109,21924,1482,13240,353,46680,6088,5670,7923,39110,5999,5759,7834,39199,158438,327239,190043,1
157971,187483,134552,196839,153632,155692,144290,211328,53357,23845,76776,14489,13681,43193,9738,52549,2279,31791,21140,41147,4339,33851,19080,43207,345454,664942,331391,1
88486,104793,90436,100154,96333,99546,96742,167244,78758,62451,76808,67090,8256,8051,6306,3412,11060,5247,9110,608,7847,8460,5897,3821,193279,459865,190590,1
196153,226348,191588,244777,186433,200201,182604,169218,26935,57130,22370,75559,13549,43744,8984,62173,4048,26147,8613,44576,9720,39915,5155,58344,422501,738456,436365,1
53570,58764,50033,48929,54553,55896,51762,63856,10286,5092,13823,14927,1808,7002,1729,2833,2326,2868,5863,6967,983,4211,4520,5624,112334,226067,98962,1
143296,163111,130120,192448,152228,147040,140478,189698,46402,26587,59578,2750,2818,22633,10358,51970,3744,16071,16920,45408,8932,10883,22108,40220,306407,629444,322568,1
114929,134780,104114,129907,106767,114263,95836,157014,42085,22234,52900,27107,19093,38944,8278,34071,666,20517,10149,15644,8162,28013,2653,23140,249709,473880,234021,1
62735,67541,55829,98425,62131,66116,59909,94453,31718,26912,38624,3972,2826,7632,4080,38516,3381,1425,10287,32309,604,5410,6302,36294,130276,282609,154254,1
178498,182873,164159,141590,173387,171041,163699,151685,26813,31188,12474,10095,14799,19174,460,22109,7457,11832,6882,29451,5111,9486,9228,31797,361371,659812,305749,1
74368,77124,78569,55205,80012,76574,75156,140226,65858,63102,61657,85021,788,1968,3413,19951,2206,550,1995,21369,5644,2888,1443,24807,151492,371968,133774,1
169140,187759,160371,181878,181352,190764,163153,214198,45058,26439,53827,32320,5987,24606,2782,18725,21624,3005,30393,8886,12212,6407,20981,526,356899,749467,342249,1
48277,48085,43924,55821,51294,47617,48341,72854,24577,24769,28930,17033,64,256,4417,7480,660,468,3693,8204,3017,3209,7370,4527,96362,220106,99745,1
20387,18752,21269,26928,19456,19813,19212,22008,1621,3256,739,4920,1175,460,2057,7716,574,1061,1456,7115,931,704,1813,7472,39139,80489,48197,1
91096,91419,79838,74550,89060,91935,85751,102414,11318,10995,22576,27864,5345,5668,5913,11201,839,516,12097,17385,2036,2359,9222,14510,182515,369160,154388,1
232766,242318,216623,203210,240169,236539,229731,226934,5832,15384,10311,23724,3035,12587,13108,26521,3773,5779,19916,33329,7403,2149,23546,36959,475084,933373,419833,1
94262,110062,94489,119527,109074,107184,100330,129106,34844,19044,34617,9579,6068,9732,5841,19197,12922,2878,12695,12343,14812,988,14585,10453,204324,445694,214016,1
26349,25955,25553,24929,26431,24498,26662,30181,3832,4226,4628,5252,313,707,1109,1733,1851,1457,1055,431,82,476,878,1502,52304,107772,50482,1
163445,146878,147053,164281,157583,162553,153236,182877,19432,35999,35824,18596,10209,6358,6183,11045,892,15675,15500,1728,5862,10705,10530,6698,310323,656249,311334,1
77647,80947,74914,70166,81796,78736,74547,78113,466,2834,3199,7947,3100,6400,367,4381,1089,2211,3822,8570,4149,849,6882,11630,158594,313192,145080,1
35885,31290,29912,36644,30962,30704,28440,38711,2826,7421,8799,2067,7445,2850,1472,8204,5181,586,792,5940,4923,328,1050,5682,67175,128817,66556,1
58908,68199,59038,43823,57268,58588,55453,36595,22313,31604,22443,7228,3455,12746,3585,11630,320,9611,450,14765,1640,10931,1770,13445,127107,207904,102861,1
109733,120525,93427,149805,107993,106066,107787,144203,34470,23678,50776,5602,1946,12738,14360,42018,3667,14459,12639,43739,1740,12532,14566,41812,230258,466049,243232,1
122646,135074,119843,148259,132825,131742,132038,142943,20297,7869,23100,5316,9392,3036,12195,16221,9096,3332,11899,16517,10179,2249,12982,15434,257720,539548,268102,1
178469,177522,158531,162962,164400,159431,147873,126707,51762,50815,31824,36255,30596,29649,10658,15089,19038,18091,900,3531,14069,13122,5869,1438,355991,598411,321493,1
60175,67613,55402,85557,55405,55074,49912,87497,27322,19884,32095,1940,10263,17701,5490,35645,5101,12539,328,30483,4770,12208,3,30152,127788,247888,140959,1
121318,103465,96960,95841,110317,98788,107950,145661,24343,42196,48701,49820,13368,4485,10990,12109,22530,4677,1828,2947,11001,6852,13357,14476,224783,462716,192801,1
92018,88269,75051,131862,82616,75280,81836,137239,45221,48970,62188,5377,10182,6433,6785,50026,16738,12989,229,56582,9402,5653,7565,49246,180287,376971,206913,1
78359,76048,78491,120927,75690,73520,73189,121346,42987,45298,42855,419,5170,2859,5302,47738,4839,2528,4971,47407,2669,358,2801,45237,154407,343745,199418,1
115896,110736,109405,173066,112690,115605,116011,216955,101059,106219,107550,43889,115,5275,6606,57055,291,4869,6200,57461,3206,1954,3285,60376,226632,561261,282471,1
128430,146019,118580,133159,122356,130112,110881,135904,7474,10115,17324,2745,17549,35138,7699,22278,1682,15907,11532,3047,6074,23663,3776,10803,274449,499253,251739,1
86476,92791,78049,62207,87018,83707,79099,67745,18731,25046,10304,5538,7377,13692,1050,16892,2769,9084,5658,21500,542,5773,8969,24811,179267,317569,140256,1
45564,49613,38202,37737,45164,47871,35376,30119,15445,19494,8083,7618,10188,14237,2826,2361,2307,1742,9669,10134,400,4449,6962,7427,95177,158530,75939,1
55891,59738,57365,87090,56901,57801,51849,122632,66741,62894,65267,35542,4042,7889,5516,35241,1910,1937,436,29289,1010,2837,464,30189,115629,289183,144455,1
24359,24087,21655,20131,24501,25523,21685,12354,12005,11733,9301,7777,2674,2402,30,1554,1164,1436,3868,5392,142,414,2846,4370,48446,84063,41786,1
217816,240923,217584,250043,219235,221213,215598,239779,21963,1144,22195,10264,2218,25325,1986,34445,3397,19710,3629,28830,1419,21688,1651,30808,458739,895825,467627,1
215326,238514,194132,204317,217457,224150,196491,221268,5942,17246,27136,16951,18835,42023,2359,7826,8824,14364,30018,19833,2131,21057,23325,13140,453840,859366,398449,1
185508,187481,165299,237787,180143,187961,170623,290465,104957,102984,125166,52678,14885,16858,5324,67164,2453,480,22662,49826,5365,7338,14844,57644,372989,829192,403086,1
101571,111970,97222,86471,104491,107203,90089,95219,6352,16751,2003,8748,11482,21881,7133,3618,5632,4767,9981,20732,2920,7479,7269,18020,213541,397002,183693,1
136801,132664,118070,129312,130427,122462,122990,116077,20724,16587,1993,13235,13811,9674,4920,6322,14339,10202,4392,6850,6374,2237,12357,1115,269465,491956,247382,1
211144,242652,222508,196094,233432,232614,231861,168471,42673,74181,54037,27623,20717,10791,9353,35767,21470,10038,10106,36520,22288,9220,10924,37338,453796,866378,418602,1
157987,172152,147949,202673,156748,153363,156975,203437,45450,31285,55488,764,1012,15177,9026,45698,4624,18789,5414,49310,1239,15404,8799,45925,330139,670523,350622,1
69810,71755,67368,78203,70249,71113,66868,157347,87537,85592,89979,79144,2942,4887,500,11335,1303,642,3745,7090,439,1506,2881,7954,141565,365577,145571,1
38165,39279,35862,48988,36484,40052,36731,40879,2714,1600,5017,8109,1434,2548,869,12257,1887,773,4190,8936,1681,2795,622,12504,77444,154146,84850,1
143221,167044,145079,171370,164276,166533,170546,232344,89123,65300,87265,60974,27325,3502,25467,824,23312,511,21454,4837,21055,2768,19197,7094,310265,733699,316449,1
108153,132386,108137,141604,120088,124077,123214,183190,75037,50804,75053,41586,15061,9172,15077,18390,15924,8309,15940,17527,11935,12298,11951,21516,240539,550569,249741,1
157106,184123,167947,182487,163963,175237,154084,237427,80321,53304,69480,54940,3022,30039,13863,28403,18131,8886,7290,7250,6857,20160,3984,18524,341229,730711,350434,1
133558,138175,111915,142266,120389,110489,117680,164020,30462,25845,52105,21754,15878,20495,5765,24586,23069,27686,1426,31777,13169,17786,8474,21877,271733,512578,254181,1
29290,34214,26437,47978,27799,29531,24730,30228,938,3986,3791,17750,4560,9484,1707,23248,241,4683,3094,18447,1491,6415,1362,20179,63504,112288,74415,1
116801,130775,106627,134693,116714,123197,112510,122227,5426,8548,15600,12466,4291,18265,5883,22183,6396,7578,16570,11496,87,14061,10087,17979,247576,474648,241320,1
95261,101897,91203,141583,99757,105209,94638,151059,55798,49162,59856,9476,623,7259,3435,46945,9948,3312,14006,36374,4496,2140,8554,41826,197158,450663,232786,1
171425,174391,160040,153640,165833,156988,172050,131878,39547,42513,28162,21762,625,2341,12010,18410,14437,17403,3052,3348,5592,8558,5793,12193,345816,626749,313680,1
53179,56365,46639,68326,53044,51404,51349,80774,27595,24409,34135,12448,1830,5016,4710,16977,1775,4961,4765,16922,135,3321,6405,15282,109544,236571,114965,1
59879,61763,48391,82738,55559,53487,52832,85532,25653,23769,37141,2794,7047,8931,4441,29906,6392,8276,5096,29251,4320,6204,7168,27179,121642,247410,131129,1
11930,11383,9834,7697,11598,10943,11700,12075,145,692,2241,4378,230,317,1866,4003,987,440,1109,3246,332,215,1764,3901,23313,46316,17531,1
122444,128354,112689,134487,125485,127170,114201,197259,74815,68905,84570,62772,8243,14153,1512,20286,4726,1184,14481,7317,3041,2869,12796,9002,250798,564115,247176,1
35461,38464,32232,39231,37923,39308,32769,31595,3866,6869,637,7636,2692,5695,537,6462,3847,844,7076,77,2462,541,5691,1308,73925,141595,71463,1
160440,184032,153635,228351,160721,158631,156785,151582,8858,32450,2053,76769,3655,27247,3150,71566,1809,25401,4996,69720,281,23311,7086,67630,344472,627719,381986,1
109277,110820,98936,137838,96244,92393,87952,192430,83153,81610,93494,54592,21325,22868,10984,49886,16884,18427,6543,45445,13033,14576,2692,41594,220097,469019,236774,1
83770,91929,76914,86821,85989,84894,77847,59558,24212,32371,17356,27263,5923,14082,933,8974,1124,7035,7980,1927,2219,5940,9075,832,175699,308288,163735,1
72206,77554,71207,95701,76502,75648,80319,148947,76741,71393,77740,53246,8113,2765,9112,15382,3442,1906,4441,20053,4296,1052,5295,19199,149760,381416,166908,1
63890,71015,57471,95853,62162,63937,59840,111363,47473,40348,53892,15510,4050,11175,2369,36013,47,7078,6466,31916,1728,8853,4691,33691,134905,297302,153324,1
114002,121673,104829,104745,110595,108124,101116,98523,15479,23150,6306,6222,12886,20557,3713,3629,5878,13549,3295,3379,3407,11078,5766,5850,235675,418358,209574,1
160233,169479,159697,210630,163315,165512,152483,137920,22313,31559,21777,72710,7750,16996,7214,58147,5279,3967,5815,45118,3082,6164,3618,47315,329712,619230,370327,1
121537,129784,110821,108103,118777,119199,115691,149842,28305,20058,39021,41739,5846,14093,4870,7588,2338,10585,8378,11096,2760,11007,7956,10674,251321,503509,218924,1
203899,214183,175068,235320,196089,185001,180470,336609,132710,122426,161541,101289,23429,33713,5402,54850,18898,29182,9933,50319,7810,18094,21021,39231,418082,898169,410388,1
41747,45621,34664,62975,36868,39466,37191,49729,7982,4108,15065,13246,4556,8430,2527,25784,2281,6155,4802,23509,4879,8753,2204,26107,87368,163254,97639,1
98229,101341,89800,90432,92692,89544,95942,96331,1898,5010,6531,5899,2287,5399,6142,5510,8685,11797,256,888,5537,8649,2892,2260,199570,374509,180232,1
90606,103360,86813,121038,86332,90018,78162,117753,27147,14393,30940,3285,12444,25198,8651,42876,588,13342,3205,31020,4274,17028,481,34706,193966,372265,207851,1
22891,22769,20380,10419,21678,22427,19804,10115,12776,12654,10265,304,3087,2965,576,9385,464,342,2047,12008,1213,1091,1298,11259,45660,74024,30799,1
143351,169858,138745,230068,155191,150675,141067,203597,60246,33739,64852,26471,2284,28791,2322,89001,7324,19183,11930,79393,11840,14667,16446,74877,313209,650530,368813,1
124106,129576,107494,121959,117768,115303,119643,105581,18525,23995,1913,16378,4463,9933,12149,2316,8803,14273,7809,6656,6338,11808,10274,4191,253682,458295,229453,1
154953,164339,147506,160187,157357,159677,144582,125654,29299,38685,21852,34533,10371,19757,2924,15605,4724,4662,12171,510,2404,6982,9851,2830,319292,587270,307693,1
124129,137909,113510,129277,131203,127538,116500,100807,23322,37102,12703,28470,7629,21409,2990,12777,3409,10371,14028,1739,7074,6706,17693,1926,262038,476048,242787,1
41595,47800,40105,44283,39068,41578,34287,50638,9043,2838,10533,6355,7308,13513,5818,9996,17,6222,1473,2705,2527,8732,1037,5215,89395,165571,84388,1
102397,110478,95520,110425,101952,106077,91437,86612,15785,23866,8908,23813,10960,19041,4083,18988,3680,4401,10557,4348,445,8526,6432,8473,212875,386078,205945,1
42805,52095,44090,79806,46351,42167,46498,30899,11906,21196,13191,48907,3693,5597,2408,33308,638,9928,1923,37639,3546,5744,2261,33455,94900,165915,123896,1
90960,98281,90978,98663,93969,91071,80246,100417,9457,2136,9439,1754,10714,18035,10732,18417,111,7210,93,7592,3009,4312,2991,4694,189241,365703,189641,1
223542,259106,230916,204606,228240,220042,193341,297534,73992,38428,66618,92928,30201,65765,37575,11265,3500,39064,10874,15436,4698,30866,2676,23634,482648,939157,435522,1
128162,137255,119615,128395,119130,123583,117145,188047,59885,50792,68432,59652,11017,20110,2470,11250,4579,13672,3968,4812,9032,18125,485,9265,265417,547905,248010,1
36137,39773,33348,26029,38171,37354,35621,13971,22166,25802,19377,12058,516,4152,2273,9592,1217,2419,4006,11325,2034,1602,4823,12142,75910,125117,59377,1
96810,99824,101120,68525,96473,95372,98625,174341,77531,74517,73221,105816,1815,1199,2495,30100,1438,4452,5748,26847,337,3351,4647,27948,196634,464811,169645,1
100093,101215,88083,93375,96682,88304,87154,133665,33572,32450,45582,40290,12939,14061,929,6221,11789,12911,221,5071,3411,4533,8599,3307,201308,405805,181458,1
138114,129211,109518,134129,126312,118865,127001,201137,63023,71926,91619,67008,11113,2210,17483,7128,19249,10346,9347,15264,11802,2899,16794,7817,267325,573315,243647,1
83174,82374,76967,82814,82403,81726,84678,128395,45221,46021,51428,45581,1504,2304,7711,1864,1448,648,4759,1088,771,29,5436,411,165548,377202,159781,1
47508,53327,46313,48643,49017,48296,47960,58070,10562,4743,11757,9427,452,5367,1647,683,788,5031,1983,347,1509,4310,2704,374,100835,203343,94956,1
14731,13731,14667,22927,14396,14039,13965,33780,19049,20049,19113,10853,766,234,702,8962,692,308,628,8888,335,665,271,8531,28462,76180,37594,1
22688,25306,19658,52037,16241,21125,16038,13485,9203,11821,6173,38552,6650,9268,3620,35999,1563,4181,1467,30912,6447,9065,3417,35796,47994,66889,71695,1
106219,106089,103715,138998,113603,106246,112384,178304,72085,72215,74589,39306,6165,6295,8669,26614,27,157,2531,32752,7384,7514,9888,25395,212308,510537,242713,1
83033,90252,73406,91813,73955,80872,65018,69923,13110,20329,3483,21890,18015,25234,8388,26795,2161,9380,7466,10941,9078,16297,549,17858,173285,289768,165219,1
52894,55166,46137,81499,56932,53343,54998,47274,5620,7892,1137,34225,2104,168,8861,26501,449,1823,7206,28156,4038,1766,10795,24567,108060,212547,127636,1
31501,38050,28381,53929,25984,26133,26687,55381,23880,17331,27000,1452,4814,11363,1694,27242,5368,11917,2248,27796,5517,12066,2397,27945,69551,134185,82310,1
11168,12597,10521,16289,11346,11320,10466,10633,535,1964,112,5656,702,2131,55,5823,152,1277,799,4969,178,1251,825,4943,23765,43765,26810,1
253034,268524,236099,278286,246046,240138,222986,287318,34284,18794,51219,9032,30048,45538,13113,55300,12896,28386,4039,38148,6988,22478,9947,32240,521558,996488,514385,1
73809,84327,69142,99770,70408,74358,64095,94947,21138,10620,25805,4823,9714,20232,5047,35675,549,9969,5216,25412,3401,13919,1266,29362,158136,303808,168912,1
153132,191836,162997,234397,164724,173497,146854,263582,110450,71746,100585,29185,6278,44982,16143,87543,20365,18339,10500,60900,11592,27112,1727,69673,344968,748657,397394,1
106586,114210,102009,123340,101775,101979,93822,149057,42471,34847,47048,25717,12764,20388,8187,29518,4607,12231,30,21361,4811,12435,234,21565,220796,446633,225349,1
173446,191298,163585,229976,176463,181470,158350,230772,57326,39474,67187,796,15096,32948,5235,71626,8024,9828,17885,48506,3017,14835,12878,53513,364744,747055,393561,1
96838,109870,93046,120869,99417,97598,94356,86695,10143,23175,6351,34174,2482,15514,1310,26513,760,12272,4552,23271,2579,10453,6371,21452,206708,378066,213915,1
146819,146495,139134,166245,137719,136655,132499,106867,39952,39628,32267,59378,14320,13996,6635,33746,10164,9840,2479,29590,9100,8776,1415,28526,293314,513740,305379,1
146036,149815,125494,144743,144749,144590,142604,132262,13774,17553,6768,12481,3432,7211,17110,2139,1446,5225,19096,153,1287,5066,19255,6,295851,564205,270237,1
102236,111013,100844,129444,99197,106916,95137,102170,66,8843,1326,27274,7099,15876,5707,34307,4680,4097,6072,22528,3039,11816,1647,30247,213249,403420,230288,1
121741,134307,125297,165474,123340,124388,113385,153840,32099,19533,28543,11634,8356,20922,11912,52089,2647,9919,909,41086,1599,10967,1957,42134,256048,514953,290771,1
34935,40983,37546,48973,35093,41175,33087,74549,39614,33566,37003,25576,1848,7896,4459,15886,6240,192,3629,7798,158,5890,2453,13880,75918,183904,86519,1
242017,256211,218829,261444,228072,231050,223212,321613,79596,65402,102784,60169,18805,32999,4383,38232,10967,25161,12221,30394,13945,28139,9243,33372,498228,1003947,480273,1
180003,200820,189995,213580,195377,204999,174864,193330,13327,7490,3335,20250,5139,25956,15131,38716,24996,4179,15004,8581,15374,5443,5382,18203,380823,768570,403575,1
48198,49735,45543,49201,48886,46471,46993,105518,57320,55783,59975,56317,1205,2742,1450,2208,1727,3264,928,2730,688,849,3343,315,97933,247868,94744,1
54376,60931,53147,68074,52331,52739,52451,108385,54009,47454,55238,40311,1925,8480,696,15623,1637,8192,408,15335,2045,8600,816,15743,115307,265906,121221,1
246488,254105,251935,297378,260276,268280,249692,393363,146875,139258,141428,95985,3204,4413,2243,47686,21792,14175,16345,29098,13788,6171,8341,37102,500593,1171611,549313,1
17813,17518,18370,15316,20347,19586,20102,29961,12148,12443,11591,14645,2289,2584,1732,4786,1773,2068,1216,4270,2534,2829,1977,5031,35331,89996,33686,1
92157,105238,79309,145936,91284,97375,86871,223742,131585,118504,144433,77806,5286,18367,7562,59065,5218,7863,18066,48561,873,13954,11975,54652,197395,499272,225245,1
187265,191295,180606,201626,172686,188152,167704,205271,18006,13976,24665,3645,19561,23591,12902,33922,887,3143,7546,13474,14579,18609,7920,28940,378560,733813,382232,1
110712,118303,94980,159854,110544,112569,107982,171993,61281,53690,77013,12139,2730,10321,13002,51872,1857,5734,17589,47285,168,7759,15564,49310,229015,503088,254834,1
49450,54875,49528,51896,51647,52630,48031,30220,19230,24655,19308,21676,1419,6844,1497,3865,3180,2245,3102,734,2197,3228,2119,249,104325,182528,101424,1
128987,135417,127905,169636,128745,125413,119570,165578,36591,30161,37673,4058,9417,15847,8335,50066,3574,10004,2492,44223,242,6672,840,40891,264404,539306,297541,1
70864,80688,68765,58859,65348,71753,53436,76523,5659,4165,7758,17664,17428,27252,15329,5423,889,8935,2988,12894,5516,15340,3417,6489,151552,267060,127624,1
103270,111387,103513,174816,90606,94540,82011,122410,19140,11023,18897,52406,21259,29376,21502,92805,8730,16847,8973,80276,12664,20781,12907,84210,214657,389567,278329,1
63459,74412,67152,57396,68768,66301,61025,45084,18375,29328,22068,12312,2434,13387,6127,3629,2842,8111,851,8905,5309,5644,1616,11372,137871,241178,124548,1
139864,143307,132868,150838,135717,135561,126450,137425,2439,5882,4557,13413,13414,16857,6418,24388,4303,7746,2693,15277,4147,7590,2849,15121,283171,535153,283706,1
222094,247379,213408,226266,227930,230370,221109,288647,66553,41268,75239,62381,985,26270,7701,5157,8276,17009,16962,4104,5836,19449,14522,1664,469473,968056,439674,1
143423,149785,130420,106907,148105,144143,146381,148970,5547,815,18550,42063,2958,3404,15961,39474,720,5642,13723,37236,4682,1680,17685,41198,293208,587599,237327,1
112878,117946,106080,126936,111744,112071,109730,163356,50478,45410,57276,36420,3148,8216,3650,17206,807,5875,5991,14865,1134,6202,5664,15192,230824,496901,233016,1
108195,106626,99656,123226,108636,106544,101738,123225,15030,16599,23569,1,6457,4888,2082,21488,1651,82,6888,16682,441,2010,8980,14590,214821,440143,222882,1
42950,44777,42819,55551,33550,35414,34283,86159,43209,41382,43340,30608,8667,10494,8536,21268,7536,9363,7405,20137,9400,11227,9269,22001,87727,189406,98370,1
87458,96527,92640,107428,89559,88268,81588,98670,11212,2143,6030,8758,5870,14939,11052,25840,810,8259,4372,19160,2101,6968,3081,17869,183985,358085,200068,1
87200,85558,73042,95561,81121,77039,74937,136471,49271,50913,63429,40910,12263,10621,1895,20624,10161,8519,3997,18522,6079,4437,8079,14440,172758,369568,168603,1
120060,131421,110257,103141,121322,124250,128815,128882,8822,2539,18625,25741,8755,2606,18558,25674,4190,7171,13993,21109,1262,10099,11065,18181,251481,503269,213398,1
158568,177530,146929,149599,161269,160288,160073,145056,13512,32474,1873,4543,1505,17457,13144,10474,1720,17242,13359,10689,2701,16261,14340,11670,336098,626686,296528,1
27754,27869,25974,15107,27524,26886,27143,33027,5273,5158,7053,17920,611,726,1169,12036,868,983,912,11779,230,345,1550,12417,55623,114580,41081,1
100786,117451,108340,136964,94972,102409,84396,181924,81138,64473,73584,44960,16390,33055,23944,52568,1623,15042,5931,34555,5814,22479,13368,41992,218237,463701,245304,1
32929,36270,33809,28946,33635,36420,33373,28576,4353,7694,5233,370,444,2897,436,4427,3491,150,2611,7474,706,2635,174,4689,69199,132004,62755,1
147698,165216,136319,188772,152507,148375,141803,219625,71927,54409,83306,30853,5895,23413,5484,46969,677,16841,12056,40397,4809,12709,16188,36265,312914,662310,325091,1
159239,164414,152182,190269,164007,169731,148061,178125,18886,13711,25943,12144,11178,16353,4121,42208,10492,5317,17549,20538,4768,407,11825,26262,323653,659924,342451,1
80450,95068,73186,99997,86864,85184,76747,120301,39851,25233,47115,20304,3703,18321,3561,23250,4734,9884,11998,14813,6414,8204,13678,13133,175518,369096,173183,1
72144,73813,58104,77370,64454,65043,59453,76374,4230,2561,18270,996,12691,14360,1349,17917,7101,8770,6939,12327,7690,9359,6350,12916,145957,265324,135474,1
96011,90500,76127,64678,92405,82483,92066,92913,3098,2413,16786,28235,3945,1566,15939,27388,13528,8017,6356,17805,3606,1905,16278,27727,186511,359867,140805,1
97330,93493,77446,102540,91983,85090,88280,87816,9514,5677,10370,14724,9050,5213,10834,14260,12240,8403,7644,17450,5347,1510,14537,10557,190823,353169,179986,1
124440,120941,116046,140549,110566,114013,100397,148809,24369,27868,32763,8260,24043,20544,15649,40152,10427,6928,2033,26536,13874,10375,5480,29983,245381,473785,256595,1
154998,183984,165630,187544,163655,160335,158513,227944,72946,43960,62314,40400,3515,25471,7117,29031,5337,23649,5295,27209,8657,20329,1975,23889,338982,710447,353174,1
132401,142307,118543,154690,128791,124588,120771,217999,85598,75692,99456,63309,11630,21536,2228,33919,7813,17719,6045,30102,3610,13516,10248,25899,274708,592149,273233,1
118932,132569,107008,122737,115200,109352,110464,94210,24722,38359,12798,28527,8468,22105,3456,12273,9580,23217,2344,13385,3732,17369,8192,7537,251501,429226,229745,1
117661,129610,116870,132091,126175,127559,120891,197845,80184,68235,80975,65754,3230,8719,4021,11200,9898,2051,10689,4532,8514,3435,9305,5916,247271,572470,248961,1
80348,87641,80403,105363,82688,79517,81157,125924,45576,38283,45521,20561,809,6484,754,24206,831,8124,886,25846,2340,4953,2285,22675,167989,369286,185766,1
133901,131323,111950,140863,123437,125979,121316,116272,17629,15051,4322,24591,12585,10007,9366,19547,7922,5344,14029,14884,10464,7886,11487,17426,265224,487004,252813,1
126274,134351,109117,145166,118462,119148,117666,150839,24565,16488,41722,5673,8608,16685,8549,27500,7126,15203,10031,26018,7812,15889,9345,26704,260625,506115,254283,1
147317,152118,131224,172484,136628,136098,136204,144981,2336,7137,13757,27503,11113,15914,4980,36280,11219,16020,4874,36386,10689,15490,5404,35856,299435,553911,303708,1
51811,45739,43113,66729,46729,46732,48905,36315,15496,9424,6798,30414,2906,3166,5792,17824,5079,993,3619,19997,5082,990,3616,20000,97550,178681,109842,1
93292,101586,82943,97026,90698,88048,83247,126473,33181,24887,43530,29447,10045,18339,304,13779,5244,13538,5105,8978,2594,10888,7755,6328,194878,388466,179969,1
71037,69462,57272,71112,63956,66619,62098,75731,4694,6269,18459,4619,8939,7364,4826,9014,4418,2843,9347,4493,7081,5506,6684,7156,140499,268404,128384,1
146417,165516,147725,175046,156667,159296,154344,185718,39301,20202,37993,10672,7927,11172,6619,20702,12879,6220,11571,15750,10250,8849,8942,18379,311933,656025,322771,1
64764,55823,52253,69354,54708,53384,52940,17714,47050,38109,34539,51640,11824,2883,687,16414,11380,2439,1131,15970,10056,1115,2455,14646,120587,178746,121607,1
144533,146927,122972,198479,140631,137492,129674,133059,11474,13868,10087,65420,14859,17253,6702,68805,7041,9435,14520,60987,3902,6296,17659,57848,291460,540856,321451,1
169361,177477,139545,158497,157964,158900,151183,152272,17089,25205,12727,6225,18178,26294,11638,7314,10461,18577,19355,403,11397,19513,18419,533,346838,620319,298042,1
149646,154987,147880,169355,150301,140997,143022,274743,125097,119756,126863,105388,6624,11965,4858,26333,8649,13990,6883,28358,655,4686,2421,19054,304633,709063,317235,1
169361,177477,139545,158497,157964,158900,151183,152272,17089,25205,12727,6225,18178,26294,11638,7314,10461,18577,19355,403,11397,19513,18419,533,346838,620319,298042,1
42544,48277,40817,58702,46812,45437,44512,45246,2702,3031,4429,13456,1968,3765,3695,14190,2893,2840,4620,13265,4268,1465,5995,11890,90821,182007,99519,1
181842,195192,169411,175266,186132,181602,172004,126217,55625,68975,43194,49049,9838,23188,2593,3262,240,13590,12191,6336,4290,9060,16721,10866,377034,665955,344677,1
172954,171285,165422,181403,167545,159522,171904,155005,17949,16280,10417,26398,1050,619,6482,9499,13432,11763,5900,21881,5409,3740,2123,13858,344239,653976,346825,1
140674,151093,125613,188939,137847,135699,122332,200206,59532,49113,74593,11267,18342,28761,3281,66607,4975,15394,10086,53240,2827,13246,12234,51092,291767,596084,314552,1
59714,56101,47721,81599,53248,51630,52429,117763,58049,61662,70042,36164,7285,3672,4708,29170,8084,4471,3909,29969,6466,2853,5527,28351,115815,275070,129320,1
162257,172601,149554,155429,164160,162885,161784,221032,58775,48431,71478,65603,473,10817,12230,6355,628,9716,13331,7456,1903,8441,14606,8731,334858,709861,304983,1
63551,56760,68251,27162,73599,72344,70483,129968,66417,73208,61717,102806,6932,13723,2232,43321,8793,15584,4093,45182,10048,16839,5348,46437,120311,346394,95413,1
37657,44094,32529,42529,40755,37887,35958,65938,28281,21844,33409,23409,1699,8136,3429,6571,230,6207,5358,4642,3098,3339,8226,1774,81751,180538,75058,1
35987,38668,36760,48486,37399,34964,35062,53578,17591,14910,16818,5092,925,3606,1698,13424,1023,3704,1796,13522,1412,1269,639,11087,74655,161003,85246,1
65790,75390,70016,72742,66208,73121,63111,60756,5034,14634,9260,11986,2679,12279,6905,9631,7331,2269,3105,379,418,9182,3808,6534,141180,263196,142758,1
64091,65221,59780,47583,67425,64102,67036,60689,3402,4532,909,13106,2945,1815,7256,19453,11,1119,4322,16519,3334,2204,7645,19842,129312,259252,107363,1
89326,99916,86010,87103,92816,92414,88307,159015,69689,59099,73005,71912,1019,11609,2297,1204,3088,7502,6404,5311,3490,7100,6806,5713,189242,432552,173113,1
209665,225964,181569,232115,202283,196540,198506,309257,99592,83293,127688,77142,11159,27458,16937,33609,13125,29424,14971,35575,7382,23681,20714,29832,435629,906586,413684,1
60484,59283,55097,70125,55783,60856,54128,51998,8486,7285,3099,18127,6356,5155,969,15997,372,1573,5759,9269,4701,3500,686,14342,119767,222765,125222,1
261799,277336,228707,257488,262306,241796,234423,231912,29887,45424,3205,25576,27376,42913,5716,23065,20003,35540,13089,15692,507,15030,33599,4818,539135,970437,486195,1
54935,54928,45596,34777,54437,49346,47895,94514,39579,39586,48918,59737,7040,7033,2299,13118,5589,5582,3750,14569,498,491,8841,19660,109863,246192,80373,1
56651,58073,48126,58797,51602,53211,51570,78901,22250,20828,30775,20104,5081,6503,3444,7227,3440,4862,5085,5586,5049,6471,3476,7195,114724,235284,106923,1
55834,61256,50209,52444,55841,55274,54369,140502,84668,79246,90293,88058,1465,6887,4160,1925,560,5982,5065,2830,7,5415,5632,3397,117090,305986,102653,1
63389,56339,55045,50284,64659,60426,59364,96821,33432,40482,41776,46537,4025,3025,4319,9080,2963,4087,5381,10142,1270,8320,9614,14375,119728,281270,105329,1
15777,14473,15535,16719,17424,17294,17631,13546,2231,927,1989,3173,1854,3158,2096,912,1517,2821,1759,575,1647,2951,1889,705,30250,65895,32254,1
67713,77264,75843,115185,74505,72104,66474,161784,94071,84520,85941,46599,1239,10790,9369,48711,4391,5160,3739,43081,6792,2759,1338,40680,144977,374867,191028,1
161464,158113,156836,202740,152131,155434,143224,210013,48549,51900,53177,7273,18240,14889,13612,59516,6030,2679,1402,47306,9333,5982,4705,50609,319577,660802,359576,1
84220,88647,73288,101952,77864,79382,75102,90044,5824,1397,16756,11908,9118,13545,1814,26850,4838,9265,6094,22570,6356,10783,4576,24088,172867,322392,175240,1
130729,135355,110239,145999,127697,122317,116455,140280,9551,4925,30041,5719,14274,18900,6216,29544,8412,13038,12078,23682,3032,7658,17458,18302,266084,506749,256238,1
29707,30429,28594,20897,30744,31138,28961,14668,15039,15761,13926,6229,746,1468,367,8064,1431,709,2544,10241,1037,315,2150,9847,60136,105511,49491,1
162765,173436,143195,173910,167819,165270,164187,171417,8652,2019,28222,2493,1422,9249,20992,9723,2505,8166,22075,8640,5054,5617,24624,6091,336201,668693,317105,1
1997,2456,2552,1688,2363,2183,2185,1457,540,999,1095,231,188,271,367,497,186,273,369,495,366,93,189,675,4453,8188,4240,1
111015,122664,105980,126601,105641,112225,106888,124396,13381,1732,18416,2205,4127,15776,908,19713,1210,10439,6245,14376,5374,17023,339,20960,233679,449150,232581,1
144291,164991,143690,178458,155033,153837,139721,156058,11767,8933,12368,22400,4570,25270,3969,38737,9546,11154,10147,24621,10742,9958,11343,23425,309282,604649,322148,1
32909,35354,28106,21492,36173,35581,33807,51675,18766,16321,23569,30183,898,1547,5701,12315,2672,227,7475,14089,3264,819,8067,14681,68263,157236,49598,1
27498,33394,28680,63779,30516,30782,27051,84295,56797,50901,55615,20516,447,6343,1629,36728,3284,2612,2102,32997,3018,2878,1836,33263,60892,172644,92459,1
9332,12301,7574,10263,8063,7474,7413,2856,6476,9445,4718,7407,1919,4888,161,2850,1858,4827,100,2789,1269,4238,489,2200,21633,25806,17837,1
80122,79304,66939,60904,72478,71192,69802,114667,34545,35363,47728,53763,10320,9502,2863,8898,8930,8112,4253,10288,7644,6826,5539,11574,159426,328139,127843,1
73071,73296,76953,93195,64132,65951,55845,108972,35901,35676,32019,15777,17226,17451,21108,37350,7120,7345,11002,27244,8939,9164,12821,29063,146367,294900,170148,1
94132,88324,82756,143998,83648,87768,85129,101277,7145,12953,18521,42721,9003,3195,2373,58869,6364,556,5012,56230,10484,4676,892,60350,182456,357822,226754,1
93738,100141,98479,93501,117265,114206,108521,234965,141227,134824,136486,141464,14783,8380,10042,15020,20468,14065,15727,20705,23527,17124,18786,23764,193879,574957,191980,1
51822,46016,44781,52000,47837,45799,43488,116628,64806,70612,71847,64628,8334,2528,1293,8512,6023,217,1018,6201,3985,1821,3056,4163,97838,253752,96781,1
90191,96396,88975,103530,92110,91059,88330,121734,31543,25338,32759,18204,1861,8066,645,15200,868,5337,2084,12471,1919,4286,3135,11420,186587,393233,192505,1
68633,77732,64831,97356,72943,74037,63608,130533,61900,52801,65702,33177,5025,14124,1223,33748,5404,3695,9206,23319,4310,4789,8112,24413,146365,341121,162187,1
42693,47968,42200,41129,42541,44554,38582,31124,11569,16844,11076,10005,4111,9386,3618,2547,1861,3414,2354,3425,152,5427,341,1412,90661,156801,83329,1
48591,60497,45772,83888,51005,51336,36133,102694,54103,42197,56922,18806,12458,24364,9639,47755,2745,9161,5564,32552,2414,9492,5233,32883,109088,241168,129660,1
87443,99393,83423,103001,78601,81909,67678,119033,31590,19640,35610,16032,19765,31715,15745,35323,5534,17484,1514,21092,8842,20792,4822,24400,186836,347221,186424,1
31556,35145,31178,24230,32980,34772,26141,30261,1295,4884,917,6031,5415,9004,5037,1911,3216,373,3594,10542,1424,2165,1802,8750,66701,124154,55408,1
79632,94682,84071,105383,84256,83180,61080,121552,41920,26870,37481,16169,18552,33602,22991,44303,3548,11502,891,22203,4624,10426,185,21127,174314,350068,189454,1
74175,100344,97469,100648,91874,91620,86588,114686,40511,14342,17217,14038,12413,13756,10881,14060,17445,8724,5849,9028,17699,8470,5595,8774,174519,384768,198117,1
146309,135537,130901,144329,132230,134319,130115,142096,4213,6559,11195,2233,16194,5422,786,14214,11990,1218,3418,10010,14079,3307,1329,12099,281846,538760,275230,1
37451,42579,36026,46170,43587,39305,43077,17754,19697,24825,18272,28416,5626,498,7051,3093,1854,3274,3279,6865,6136,1008,7561,2583,80030,143723,82196,1
189962,201921,186062,223567,186562,176776,175789,191130,1168,10791,5068,32437,14173,26132,10273,47778,13186,25145,9286,46791,3400,15359,500,37005,391883,730257,409629,1
223254,255881,236826,250341,235406,257138,240668,276732,53478,20851,39906,26391,17414,15213,3842,9673,33884,1257,20312,6797,12152,20475,1420,14935,479135,1009944,487167,1
99561,103743,90023,114618,90398,92590,89853,77497,22064,26246,12526,37121,9708,13890,170,24765,6971,11153,2567,22028,9163,13345,375,24220,203304,350338,204641,1
79119,86221,71457,95870,75641,74663,69909,143491,64372,57270,72034,47621,9210,16312,1548,25961,4456,11558,3206,21207,3478,10580,4184,20229,165340,363704,167327,1
70264,71086,59423,106539,65333,65309,57584,87807,17543,16721,28384,18732,12680,13502,1839,48955,4955,5777,5886,41230,4931,5753,5910,41206,141350,276033,165962,1
49466,47457,41214,46595,51885,43766,40649,88636,39170,41179,47422,42041,8817,6808,565,5946,5700,3691,2552,2829,2419,4428,10671,5290,96923,224936,87809,1
86419,98434,67673,85142,84463,74540,73264,125200,38781,26766,57527,40058,13155,25170,5591,11878,11879,23894,6867,10602,1956,13971,16790,679,184853,357467,152815,1
67666,81698,72285,112259,77225,72082,63949,72471,4805,9227,186,39788,3717,17749,8336,48310,4416,9616,203,40177,9559,4473,4940,35034,149364,285727,184544,1
44692,52291,44772,81238,46567,49607,42577,64784,20092,12493,20012,16454,2115,9714,2195,38661,4915,2684,4835,31631,1875,5724,1795,34671,96983,203535,126010,1
287694,300947,299955,308670,329509,310963,264463,364762,77068,63815,64807,56092,23231,36484,35492,44207,23269,10016,11008,2293,41815,28562,29554,20839,588641,1269697,608625,1
6083,8620,6274,24917,6527,7054,5179,29791,23708,21171,23517,4874,904,3441,1095,19738,971,1566,780,17863,444,2093,253,18390,14703,48551,31191,1
29857,28051,28827,23771,31490,29137,26047,29279,578,1228,452,5508,3810,2004,2780,2276,720,1086,310,5366,1633,3439,2663,7719,57908,115953,52598,1
32719,33390,27172,76387,22572,31475,22117,55502,22783,22112,28330,20885,10602,11273,5055,54270,1244,1915,4303,44912,10147,10818,4600,53815,66109,131666,103559,1
106938,117722,94005,98531,106798,109901,105058,113986,7048,3736,19981,15455,1880,12664,11053,6527,2963,7821,15896,11370,140,10924,12793,8267,224660,435743,192536,1
104852,111553,99386,84403,104651,109285,96905,112016,7164,463,12630,27613,7947,14648,2481,12502,4433,2268,9899,24882,201,6902,5265,20248,216405,422857,183789,1
10369,11864,11883,9396,10011,10742,8060,17572,7203,5708,5689,8176,2309,3804,3823,1336,373,1122,1141,1346,358,1853,1872,615,22233,46385,21279,1
123635,140459,119545,132300,133697,129695,123617,124351,716,16108,4806,7949,18,16842,4072,8683,6060,10764,10150,2605,10062,6762,14152,1397,264094,511360,251845,1
55908,57711,47108,71865,53927,55557,47707,123220,67312,65509,76112,51355,8201,10004,599,24158,351,2154,8449,16308,1981,3784,6819,17938,113619,280411,118973,1
62724,62727,60031,75907,64331,58402,60379,53272,9452,9455,6759,22635,2345,2348,348,15528,4322,4325,1629,17505,1607,1604,4300,11576,125451,236384,135938,1
109126,110407,91095,116484,109943,99561,93002,141877,32751,31470,50782,25393,16124,17405,1907,23482,9565,10846,8466,16923,817,464,18848,6541,219533,444383,207579,1
120561,127294,114695,118999,118027,118483,115638,149003,28442,21709,34308,30004,4923,11656,943,3361,2078,8811,3788,516,2534,9267,3332,972,247855,501151,233694,1
66096,68501,64452,100279,70272,65435,67526,88312,22216,19811,23860,11967,1430,975,3074,32753,661,3066,983,34844,4176,1771,5820,30007,134597,291545,164731,1
111912,111737,97955,95259,106684,102776,114282,137311,25399,25574,39356,42052,2370,2545,16327,19023,9136,8961,4821,7517,5228,5053,8729,11425,223649,461053,193214,1
39865,45853,35498,49245,42688,43526,41270,71093,31228,25240,35595,21848,1405,4583,5772,7975,3661,2327,8028,5719,2823,3165,7190,6557,85718,198577,84743,1
107996,107112,109920,94478,107887,107375,96450,120669,12673,13557,10749,26191,11546,10662,13470,1972,621,263,2545,12897,109,775,2033,13409,215108,432381,204398,1
100253,106508,98277,122348,106837,109376,100373,133221,32968,26713,34944,10873,120,6135,2096,21975,9123,2868,11099,12972,6584,329,8560,15511,206761,449807,220625,1
53192,63752,52298,74591,60294,59515,58073,73268,20076,9516,20970,1323,4881,5679,5775,16518,6323,4237,7217,15076,7102,3458,7996,14297,116944,251150,126889,1
145291,155782,136442,159661,128081,144359,127641,132408,12883,23374,4034,27253,17650,28141,8801,32020,932,11423,7917,15302,17210,27701,8361,31580,301073,532489,296103,1
64848,63197,57580,73597,53006,54804,49814,94359,29511,31162,36779,20762,15034,13383,7766,23783,10044,8393,2776,18793,11842,10191,4574,20591,128045,251983,131177,1
149968,157334,144517,171154,154302,154239,153348,208271,58303,50937,63754,37117,3380,3986,8831,17806,4271,3095,9722,16915,4334,3032,9785,16852,307302,670160,315671,1
90024,94974,84135,83214,88305,86559,87282,96031,6007,1057,11896,12817,2742,7692,3147,4068,3465,8415,2424,3345,1719,6669,4170,5091,184998,358177,167349,1
74328,70961,69683,118714,66725,73841,61239,101825,27497,30864,32142,16889,13089,9722,8444,57475,487,2880,4158,44873,7603,4236,2958,51989,145289,303630,188397,1
45750,53707,42247,58197,52550,55085,56068,70776,25026,17069,28529,12579,10318,2361,13821,2129,9335,1378,12838,3112,6800,1157,10303,5647,99457,234479,100444,1
164118,167307,163216,185377,168676,162923,172604,129357,34761,37950,33859,56020,8486,5297,9388,12773,1195,4384,293,22454,4558,1369,5460,16701,331425,633560,348593,1
173887,165410,156684,157685,172710,177063,174732,176880,2993,11470,20196,19195,845,9322,18048,17047,3176,11653,20379,19378,1177,7300,16026,15025,339297,701385,314369,1
218036,252568,213439,213333,226096,230208,218556,219903,1867,32665,6464,6570,520,34012,5117,5223,12172,22360,16769,16875,8060,26472,12657,12763,470604,894763,426772,1
134143,157502,131186,206359,129349,136212,128895,165530,31387,8028,34344,40829,5248,28607,2291,77464,2069,21290,5026,70147,4794,28153,1837,77010,291645,559986,337545,1
149096,174285,138192,178535,152598,152629,149053,173801,24705,484,35609,4734,43,25232,10861,29482,3533,21656,14437,25906,3502,21687,14406,25937,323381,628081,316727,1
95378,101700,88184,119282,93413,91476,82887,101802,6424,102,13618,17480,12491,18813,5297,36395,3902,10224,3292,27806,1965,8287,5229,25869,197078,369578,207466,1
165494,162847,147125,153695,163005,155715,151539,123541,41953,39306,23584,30154,13955,11308,4414,2156,9779,7132,8590,2020,2489,158,15880,9310,328341,593800,300820,1
144849,152400,138965,147877,140090,139919,134289,237227,92378,84827,98262,89350,10560,18111,4676,13588,4930,12481,954,7958,4759,12310,1125,7787,297249,651525,286842,1
45334,42262,42286,49090,40678,43504,42433,51136,5802,8874,8850,2046,2901,171,147,6657,1830,1242,1218,5586,4656,1584,1608,8412,87596,177751,91376,1
54102,56863,51177,78996,55176,55287,55354,85118,31016,28255,33941,6122,1252,1509,4177,23642,1185,1576,4110,23709,1074,1687,3999,23820,110965,250935,130173,1
67796,71182,62724,90062,65873,65848,60796,88831,21035,17649,26107,1231,7000,10386,1928,29266,1948,5334,3124,24214,1923,5309,3149,24189,138978,281348,152786,1
134381,152415,133252,131288,149087,147755,140389,93273,41108,59142,39979,38015,6008,12026,7137,9101,13374,4660,14503,16467,14706,3328,15835,17799,286796,530504,264540,1
20715,23413,18739,63514,19471,20281,16400,46628,25913,23215,27889,16886,4315,7013,2339,47114,434,3132,1542,43233,1244,3942,732,44043,44128,102780,82253,1
170717,201378,166186,195632,160983,162235,150908,229793,59076,28415,63607,34161,19809,50470,15278,44724,8482,39143,3951,33397,9734,40395,5203,34649,372095,703919,361818,1
47801,57268,43731,90899,46714,41729,38880,39935,7866,17333,3796,50964,8921,18388,4851,52019,6072,15539,2002,49170,1087,10554,2983,44185,105069,167258,134630,1
58787,60204,52553,73897,62564,57717,55905,45365,13422,14839,7188,28532,2882,4299,3352,17992,1070,2487,5164,16180,3777,2360,10011,11333,118991,221551,126450,1
132218,142828,115052,108042,129743,129968,129939,234477,102259,91649,119425,126435,2279,12889,14887,21897,2250,12860,14916,21926,2475,13085,14691,21701,275046,624127,223094,1
127413,134858,123354,155769,118367,121361,116350,126887,526,7971,3533,28882,11063,18508,7004,39419,6052,13497,1993,34408,9046,16491,4987,37402,262271,482965,279123,1
35268,38075,36140,47981,36748,34317,34400,53335,18067,15260,17195,5354,868,3675,1740,13581,951,3758,1823,13664,1480,1327,608,11233,73343,158800,84121,1
83806,92059,82147,121638,84957,85141,73130,103016,19210,10957,20869,18622,10676,18929,9017,48508,1335,6918,2994,36497,1151,7102,2810,36681,175865,346244,203785,1
45671,41647,33940,33025,38322,37501,34193,24181,21490,17466,9759,8844,11478,7454,253,1168,8170,4146,3561,4476,7349,3325,4382,5297,87318,134197,66965,1
115962,125414,105398,154223,103216,112818,110873,154023,38061,28609,48625,200,5089,14541,5475,43350,3144,12596,7420,41405,12746,22198,2182,51007,241376,480930,259621,1
98891,110715,94714,110955,103906,107045,95631,113402,14511,2687,18688,2447,3260,15084,917,15324,8154,3670,12331,3910,5015,6809,9192,7049,209606,419984,205669,1
63448,77052,59860,90513,61080,61133,56461,91197,27749,14145,31337,684,6987,20591,3399,34052,2315,15919,1273,29380,2368,15972,1220,29433,140500,269871,150373,1
82350,83170,77942,77927,86445,83312,88904,107784,25434,24614,29842,29857,6554,5734,10962,10977,962,142,5370,5385,4095,3275,8503,8518,165520,366445,155869,1
33044,33233,27554,19494,33643,31068,29559,39098,6054,5865,11544,19604,3485,3674,2005,10065,1976,2165,3514,11574,599,410,6089,14149,66277,133368,47048,1
137734,150243,134914,162616,147442,142067,141773,164139,26405,13896,29225,1523,4039,8470,6859,20843,4333,8176,7153,20549,9708,2801,12528,15174,287977,595421,297530,1
209816,227787,189482,283298,213366,212727,220203,283743,73927,55956,94261,445,10387,7584,30721,63095,2911,15060,23245,70571,3550,14421,23884,69932,437603,930039,472780,1
92402,106048,86045,93864,88241,88616,84216,96166,3764,9882,10121,2302,8186,21832,1829,9648,3786,17432,2571,5248,4161,17807,2196,5623,198450,357239,179909,1
151644,172894,134344,127243,163301,160666,150430,117118,34526,55776,17226,10125,1214,22464,16086,23187,9022,12228,26322,33423,11657,9593,28957,36058,324538,591515,261587,1
141445,145156,135715,170615,129225,129814,118087,179250,37805,34094,43535,8635,23358,27069,17628,52528,11631,15342,5901,40801,12220,15931,6490,41390,286601,556376,306330,1
109743,119731,101568,104819,105206,106644,101879,79833,29910,39898,21735,24986,7864,17852,311,2940,3099,13087,5076,1825,4537,14525,3638,387,229474,393562,206387,1
155934,165739,132027,224593,148156,142687,143214,184981,29047,19242,52954,39612,12720,22525,11187,81379,13247,23052,10660,81906,7778,17583,16129,76437,321673,619038,356620,1
99615,102686,92140,93800,96099,97025,99706,95399,4216,7287,3259,1599,91,2980,7566,5906,2590,5661,4885,3225,3516,6587,3959,2299,202301,388229,185940,1
77475,86286,61980,86179,68369,60198,57887,92359,14884,6073,30379,6180,19588,28399,4093,28292,17277,26088,1782,25981,9106,17917,6389,17810,163761,278813,148159,1
37263,35415,33614,44652,37054,35156,35492,55687,18424,20272,22073,11035,1771,77,1878,9160,2107,259,1542,9496,209,1639,3440,7598,72678,163389,78266,1
175390,211565,165156,245528,170440,171574,162832,288711,113321,77146,123555,43183,12558,48733,2324,82696,3816,39991,6418,73954,4950,41125,5284,75088,386955,793557,410684,1
43740,51171,39161,48705,42098,43568,39387,78675,34935,27504,39514,29970,4353,11784,226,9318,172,7603,4407,5137,1642,9073,2937,6607,94911,203728,87866,1
137778,135643,129588,123631,133535,132441,124722,208222,70444,72579,78634,84591,13056,10921,4866,1091,5337,3202,2853,8810,4243,2108,3947,9904,273421,598920,253219,1
102165,98839,93338,108258,101274,96009,99571,114302,12137,15463,20964,6044,2594,732,6233,8687,6156,2830,2671,12249,891,2435,7936,6984,201004,411156,201596,1
14517,19201,20827,20276,18976,19433,17361,26535,12018,7334,5708,6259,2844,1840,3466,2915,4916,232,1394,843,4459,225,1851,1300,33718,82305,41103,1
38961,44054,37428,55386,41143,40220,35045,99387,60426,55333,61959,44001,3916,9009,2383,20341,1259,3834,2792,15166,2182,2911,3715,14243,83015,215795,92814,1
143433,141876,127692,137937,139366,132726,135220,198968,55535,57092,71276,61031,8213,6656,7528,2717,10707,9150,5034,5211,4067,2510,11674,1429,285309,606280,265629,1
29217,35225,30135,39834,31083,34503,24410,35679,6462,454,5544,4155,4807,10815,5725,15424,5286,722,4368,5331,1866,4142,948,8751,64442,125675,69969,1
124696,127571,112829,131402,125781,124740,117110,112519,12177,15052,310,18883,7586,10461,4281,14292,44,2831,11911,6662,1085,1790,12952,5621,252267,480150,244231,1
107228,108825,98105,124052,112328,114573,105228,108537,1309,288,10432,15515,2000,3597,7123,18824,7345,5748,16468,9479,5100,3503,14223,11724,216053,440666,222157,1
103968,109001,94059,103378,102693,110395,89895,83300,20668,25701,10759,20078,14073,19106,4164,13483,6427,1394,16336,7017,1275,6308,8634,685,212969,386283,197437,1
63400,73722,65297,76997,71085,71338,66023,114773,51373,41051,49476,37776,2623,7699,726,10974,7938,2384,6041,5659,7685,2637,5788,5912,137122,323219,142294,1
52610,53208,45662,47027,49738,47859,43098,59255,6645,6047,13593,12228,9512,10110,2564,3929,4751,5349,2197,832,2872,3470,4076,2711,105818,199950,92689,1
158721,182764,151572,170497,152543,164897,151305,223127,64406,40363,71555,52630,7416,31459,267,19192,6176,17867,13325,5600,6178,30221,971,17954,341485,691872,322069,1
65769,77857,60587,83973,62259,68050,63103,96745,30976,18888,36158,12772,2666,14754,2516,20870,2281,9807,7463,15923,3510,15598,1672,21714,143626,290157,144560,1
44371,52216,43447,58072,39973,38872,36776,51335,6964,881,7888,6737,7595,15440,6671,21296,5499,13344,4575,19200,4398,12243,3474,18099,96587,166956,101519,1
82769,89657,86076,100004,88863,87622,87461,143707,60938,54050,57631,43703,4692,2196,1385,12543,4853,2035,1546,12382,6094,794,2787,11141,172426,407653,186080,1
43923,39139,35681,39924,36331,35627,34319,55196,11273,16057,19515,15272,9604,4820,1362,5605,8296,3512,54,4297,7592,2808,650,3593,83062,161473,75605,1
230360,244790,210906,275028,218052,218269,231525,230756,396,14034,19850,44272,1165,13265,20619,43503,12091,26521,7363,56759,12308,26738,7146,56976,475150,898602,485934,1
40759,39188,27793,46467,34998,37793,27460,53599,12840,14411,25806,7132,13299,11728,333,19007,2966,1395,10000,8674,5761,4190,7205,11469,79947,153850,74260,1
99158,128088,106365,144763,109640,114204,101194,181951,82793,53863,75586,37188,2036,26894,5171,43569,15046,13884,7839,30559,10482,18448,3275,35123,227246,506989,251128,1
48059,63277,47542,83743,47839,50975,51991,62812,14753,465,15270,20931,3932,11286,4449,31752,2916,12302,3433,32768,220,15438,297,35904,111336,213617,131285,1
78924,75042,70958,62391,78007,75689,72822,52816,26108,22226,18142,9575,6102,2220,1864,10431,3235,647,4731,13298,917,2965,7049,15616,153966,279334,133349,1
204268,211932,171788,179772,205532,192857,177653,212311,8043,379,40523,32539,26615,34279,5865,2119,11411,19075,21069,13085,1264,6400,33744,25760,416200,788353,351560,1
51027,50001,41347,35097,49608,44095,43361,119745,68718,69744,78398,84648,7666,6640,2014,8264,6932,5906,2748,8998,1419,393,8261,14511,101028,256809,76444,1
4757,5182,5060,39514,6633,7757,8889,30524,25767,25342,25464,8990,4132,3707,3829,30625,3000,2575,2697,31757,1876,1451,1573,32881,9939,53803,44574,1
19459,22950,15103,27109,15196,18035,14010,22883,3424,67,7780,4226,5449,8940,1093,13099,1424,4915,2932,9074,4263,7754,93,11913,42409,70124,42212,1
37500,40025,33389,36237,36293,37367,32895,7547,29953,32478,25842,28690,4605,7130,494,3342,133,2658,3978,1130,1207,3732,2904,56,77525,114102,69626,1
187924,185919,173154,173688,189615,196679,191836,250755,62831,64836,77601,77067,3912,5917,18682,18148,8755,10760,23525,22991,1691,3696,16461,15927,373843,828885,346842,1
65409,69329,58811,78369,59172,58349,57837,79282,13873,9953,20471,913,7572,11492,974,20532,7060,10980,462,20020,6237,10157,361,19197,134738,254640,137180,1
178354,181970,161816,156418,184669,182120,180361,268267,89913,86297,106451,111849,2007,1609,18545,23943,3766,150,20304,25702,6315,2699,22853,28251,360324,815417,318234,1
119619,127051,122253,124456,125828,122737,126631,153323,33704,26272,31070,28867,7012,420,4378,2175,3118,4314,484,1719,6209,1223,3575,1372,246670,528519,246709,1
100136,119916,81428,132131,94858,95137,90863,101089,953,18827,19661,31042,9273,29053,9435,41268,4999,24779,13709,36994,5278,25058,13430,37273,220052,381947,213559,1
39727,47149,38326,68701,38371,38146,32200,57167,17440,10018,18841,11534,7527,14949,6126,36501,1581,9003,180,30555,1356,8778,45,30330,86876,165884,107027,1
92667,98312,82383,92046,92711,90203,90451,94241,1574,4071,11858,2195,2216,7861,8068,1595,2464,8109,7820,1843,44,5601,10328,665,190979,367606,174429,1
99867,99653,86771,88878,94090,86548,87367,105938,6071,6285,19167,17060,12500,12286,596,1511,13319,13105,223,2330,5777,5563,7319,5212,199520,373943,175649,1
106100,109245,98765,125197,100373,103010,93228,136818,30718,27573,38053,11621,12872,16017,5537,31969,3090,6235,4245,22187,5727,8872,1608,24824,215345,433429,223962,1
142421,168576,124621,187094,130493,133712,133924,131811,10610,36765,7190,55283,8497,34652,9303,53170,8709,34864,9091,53382,11928,38083,5872,56601,310997,529940,311715,1
70793,73879,61088,76870,76067,75388,66265,76543,5750,2664,15455,327,4528,7614,5177,10605,4595,1509,14300,1482,5274,2188,14979,803,144672,294263,137958,1
128632,133101,115613,121553,125644,127161,128466,212079,83447,78978,96466,90526,166,4635,12853,6913,1471,5940,11548,5608,2988,7457,10031,4091,261733,593350,237166,1
206119,227247,198793,253951,216317,211951,201926,334161,128042,106914,135368,80210,4193,25321,3133,52025,5832,15296,13158,42000,10198,10930,17524,37634,433366,964355,452744,1
119953,125442,114105,126593,112210,121783,96657,177101,57148,51659,62996,50508,23296,28785,17448,29936,1830,3659,7678,4810,7743,13232,1895,14383,245395,507751,240698,1
176579,172750,159110,194886,167371,150678,171999,209128,32549,36378,50018,14242,4580,751,12889,22887,25901,22072,8432,44208,9208,5379,8261,27515,349329,699176,353996,1
67619,80370,62675,103096,65425,64191,67285,122607,54988,42237,59932,19511,334,13085,4610,35811,3428,16179,1516,38905,2194,14945,2750,37671,147989,319508,165771,1
57867,59961,57456,125702,57821,56605,55929,112254,54387,52293,54798,13448,1938,4032,1527,69773,1262,3356,851,69097,46,2140,365,67881,117828,282609,183158,1
147559,139186,125666,160395,133047,127944,130095,221470,73911,82284,95804,61075,17464,9091,4429,30300,19615,11242,2278,32451,14512,6139,7381,27348,286745,612556,286061,1
70631,76251,56212,64071,67076,60338,64608,74446,3815,1805,18234,10375,6023,11643,8396,537,10293,15913,4126,3733,3555,9175,10864,3005,146882,266468,120283,1
82349,93834,89453,124771,83766,83703,85074,123503,41154,29669,34050,1268,2725,8760,4379,39697,1354,10131,5750,41068,1417,10068,5687,41005,176183,376046,214224,1
127224,128064,107877,155012,119140,114035,109242,184027,56803,55963,76150,29015,17982,18822,1365,45770,13189,14029,6158,40977,8084,8924,11263,35872,255288,526444,262889,1
126674,122673,133776,105911,134732,130597,133098,164794,38120,42121,31018,58883,6424,10425,678,27187,3923,7924,3179,24686,8058,12059,956,28821,249347,563221,239687,1
105678,104436,97944,145175,100271,85914,87055,136165,30487,31729,38221,9010,18623,17381,10889,58120,19764,18522,12030,59261,5407,4165,2327,44904,210114,409405,243119,1
141538,139048,140958,132441,140867,141280,137586,184863,43325,45815,43905,52422,3952,1462,3372,5145,258,2232,322,8839,671,1819,91,8426,280586,604596,273399,1
129586,133366,108987,147377,117507,110456,124025,151781,22195,18415,42794,4404,5561,9341,15038,23352,19130,22910,1469,36921,12079,15859,8520,29870,262952,503769,256364,1
85447,80260,78575,72573,72117,75933,74383,148366,62919,68106,69791,75793,11064,5877,4192,1810,9514,4327,2642,3360,13330,8143,6458,456,165707,370799,151148,1
107927,99483,95140,128739,100595,94250,97542,148351,40424,48868,53211,19612,10385,1941,2402,31197,13677,5233,890,34489,7332,1112,5455,28144,207410,440738,223879,1
88381,108815,87067,92022,88641,91692,92794,133731,45350,24916,46664,41709,4413,16021,5727,772,3311,17123,4625,330,260,20174,1574,3381,197196,406858,179089,1
21551,21793,19778,10774,20775,21499,19981,8385,13166,13408,11393,2389,1570,1812,203,9207,52,294,1721,10725,776,1018,997,10001,43344,70640,30552,1
92953,98486,91886,109962,102956,97260,99794,96995,4042,1491,5109,12967,6841,1308,7908,10168,4307,1226,5374,12702,10003,4470,11070,7006,191439,397005,201848,1
3209,3192,3146,3995,3961,3383,3297,1709,1500,1483,1437,2286,88,105,151,698,174,191,237,612,752,769,815,34,6401,12350,7141,1
29646,30572,23051,59724,28114,24452,27109,40898,11252,10326,17847,18826,2537,3463,4058,32615,5194,6120,1401,35272,1532,2458,5063,31610,60218,120573,82775,1
71880,72329,66743,83158,79700,74137,78173,67873,4007,4456,1130,15285,6293,5844,11430,4985,2257,1808,7394,9021,7820,7371,12957,3458,144209,299883,149901,1
73938,74107,65495,77408,70982,70909,62120,103508,29570,29401,38013,26100,11818,11987,3375,15288,3029,3198,5414,6499,2956,3125,5487,6426,148045,307519,142903,1
31240,32863,28158,20360,30873,31573,25409,54622,23382,21759,26464,34262,5831,7454,2749,5049,333,1290,3415,11213,367,1990,2715,10513,64103,142477,48518,1
27314,25173,23808,27115,24672,23806,21907,5602,21712,19571,18206,21513,5407,3266,1901,5208,3508,1367,2,3309,2642,501,864,2443,52487,75987,50923,1
2823,2956,2503,3591,2642,2498,2327,960,1863,1996,1543,2631,496,629,176,1264,325,458,5,1093,181,314,139,949,5779,8427,6094,1
94838,101567,85390,113818,94392,91715,81007,150819,55981,49252,65429,37001,13831,20560,4383,32811,3123,9852,6325,22103,446,7175,9002,19426,196405,417933,199208,1
11041,10492,9146,17993,10597,11023,10098,7766,3275,2726,1380,10227,943,394,952,7895,18,531,1877,6970,444,105,1451,7396,21533,39484,27139,1
52667,53151,48084,27895,50911,51358,47568,18230,34437,34921,29854,9665,5099,5583,516,19673,1309,1793,3274,23463,1756,2240,2827,23016,105818,168067,75979,1
77858,91071,79472,107983,81080,81783,71063,77761,97,13310,1711,30222,6795,20008,8409,36920,3925,9288,2311,26200,3222,9991,1608,26903,168929,311687,187455,1
25097,24751,20623,17135,23153,22496,20970,19553,5544,5198,1070,2418,4127,3781,347,3835,2601,2255,1873,5361,1944,1598,2530,6018,49848,86172,37758,1
42097,43924,36069,38974,41681,36153,35223,30269,11828,13655,5800,8705,6874,8701,846,3751,5944,7771,84,2821,416,2243,5612,2707,86021,143326,75043,1
27160,24799,25369,31409,23278,23369,23657,74431,47271,49632,49062,43022,3503,1142,1712,7752,3791,1430,2000,8040,3882,1521,2091,8131,51959,144735,56778,1
23022,21710,20259,13856,21888,21531,19735,9183,13839,12527,11076,4673,3287,1975,524,5879,1491,179,1272,7675,1134,178,1629,8032,44732,72337,34115,1
57889,64465,57395,57585,56284,52167,51409,64897,7008,432,7502,7312,6480,13056,5986,6176,5722,12298,5228,5418,1605,8181,1111,1301,122354,224757,114980,1
4363,4691,4131,7031,4217,3930,3773,12720,8357,8029,8589,5689,590,918,358,3258,433,761,201,3101,146,474,86,2814,9054,24640,11162,1
78604,81002,68581,78335,79052,79484,74284,54050,24554,26952,14531,24285,4320,6718,5703,4051,880,1518,10903,1149,448,1950,10471,717,159606,286870,146916,1
72867,61589,57935,40059,66858,58569,59082,32885,39982,28704,25050,7174,13785,2507,1147,19023,14298,3020,634,18510,6009,5269,8923,26799,134456,217394,97994,1
95970,100546,88978,138022,96077,88806,85727,96971,1001,3575,7993,41051,10243,14819,3251,52295,7164,11740,172,49216,107,4469,7099,41945,196516,367581,227000,1
40319,40675,33252,38929,36912,39280,32483,36040,4279,4635,2788,2889,7836,8192,769,6446,1039,1395,6028,351,3407,3763,3660,2017,80994,144715,72181,1
30329,36578,29228,32194,34798,33207,30124,21759,8570,14819,7469,10435,205,6454,896,2070,2878,3371,3979,1013,4469,1780,5570,2604,66907,119888,61422,1
39728,44687,31871,50387,35745,37777,34375,56023,16295,11336,24152,5636,5353,10312,2504,16012,1951,6910,5906,12610,3983,8942,3874,14642,84415,163920,82258,1
52063,50866,47200,44965,50184,44563,42997,33404,18659,17462,13796,11561,9066,7869,4203,1968,7500,6303,2637,402,1879,682,2984,5219,102929,171148,92165,1
81500,76255,70467,80001,77339,71023,68120,49001,32499,27254,21466,31000,13380,8135,2347,11881,10477,5232,556,8978,4161,1084,6872,2662,157755,265483,150468,1
119776,119565,113335,110821,112168,108215,99003,112259,7517,7306,1076,1438,20773,20562,14332,11818,11561,11350,5120,2606,7608,7397,1167,1347,239341,431645,224156,1
36714,37605,37995,37329,35681,36455,35578,62805,26091,25200,24810,25476,1136,2027,2417,1751,259,1150,1540,874,1033,1924,2314,1648,74319,170519,75324,1
58917,63550,50165,78550,53743,58915,53034,97845,38928,34295,47680,19295,5883,10516,2869,25516,2,4635,8750,19635,5174,9807,3578,24807,122467,263537,128715,1
28344,32942,27906,48306,28879,32157,27182,50569,22225,17627,22663,2263,1162,5760,724,21124,3813,785,4251,16149,535,4063,973,19427,61286,138787,76212,1
23091,19837,23301,43759,22123,25219,23579,49190,26099,29353,25889,5431,488,3742,278,20180,2128,5382,1918,18540,968,2286,1178,21636,42928,120111,67060,1
71333,68016,58361,76085,63534,57934,58841,58655,12678,9361,294,17430,12492,9175,480,17244,13399,10082,427,18151,7799,4482,5173,12551,139349,238964,134446,1
59639,55196,50134,73565,52961,55346,52849,43214,16425,11982,6920,30351,6790,2347,2715,20716,4293,150,5212,18219,6678,2235,2827,20604,114835,204370,123699,1
44791,33371,33847,29324,40601,33229,40446,36315,8476,2944,2468,6991,4345,7075,6599,11122,11562,142,618,3905,4190,7230,6754,11277,78162,150591,63171,1
227709,250955,229053,237513,238025,239292,224213,276742,49033,25787,47689,39229,3496,26742,4840,13300,11583,11663,10239,1779,10316,12930,8972,512,478664,978272,466566,1
41283,44037,34609,53377,36284,37549,36675,46442,5159,2405,11833,6935,4608,7362,2066,16702,3734,6488,2940,15828,4999,7753,1675,17093,85320,156950,87986,1
47806,49030,42738,30103,44388,42050,38896,16756,31050,32274,25982,13347,8910,10134,3842,8793,5756,6980,688,11947,3418,4642,1650,14285,96836,142090,72841,1
18998,21920,18885,18960,18726,20765,14281,11726,7272,10194,7159,7234,4717,7639,4604,4679,1767,1155,1880,1805,272,3194,159,234,40918,65498,37845,1
209917,206754,180954,254568,188808,189414,192979,353928,144011,147174,172974,99360,16938,13775,12025,61589,20503,17340,8460,65154,21109,17946,7854,65760,416671,925129,435522,1
138698,154908,153914,200070,154156,155799,149717,243160,104462,88252,89246,43090,11019,5191,4197,50353,17101,891,1885,44271,15458,752,242,45914,293606,702832,353984,1
157186,192462,163344,194432,175032,166013,168490,217846,60660,25384,54502,23414,11304,23972,5146,25942,8827,26449,2669,28419,17846,17430,11688,19400,349648,727381,357776,1
11724,11549,9991,14263,12977,14897,14416,31096,19372,19547,21105,16833,2692,2867,4425,153,3173,3348,4906,634,1253,1428,2986,1286,23273,73386,24254,1
63120,59702,58895,58428,65008,66174,67687,87824,24704,28122,28929,29396,4567,7985,8792,9259,3054,6472,7279,7746,1888,5306,6113,6580,122822,286693,117323,1
40680,40466,36477,65475,31690,37200,37487,89916,49236,49450,53439,24441,3193,2979,1010,27988,3480,3266,723,28275,8990,8776,4787,33785,81146,196293,101952,1
56073,65285,50762,67921,52881,53070,50327,96291,40218,31006,45529,28370,5746,14958,435,17594,3003,12215,2308,14851,3192,12404,2119,15040,121358,252569,118683,1
111507,123795,118320,106286,115608,124018,117662,116456,4949,7339,1864,10170,6155,6133,658,11376,12511,223,5698,17732,4101,8187,2712,9322,235302,473744,224606,1
37124,37305,33845,69573,34359,35347,33992,57342,20218,20037,23497,12231,3132,3313,147,35581,1777,1958,1502,34226,2765,2946,514,35214,74429,161040,103418,1
47540,36350,42473,61306,41598,44180,43139,87454,39914,51104,44981,26148,4401,6789,666,18167,3360,7830,1707,17126,5942,5248,875,19708,83890,216371,103779,1
99900,101172,104600,147333,116950,116320,107442,176458,76558,75286,71858,29125,7542,6270,2842,39891,16420,15148,11720,31013,17050,15778,12350,30383,201072,517170,251933,1
53518,52439,44950,50021,51746,50125,44222,40352,13166,12087,4598,9669,9296,8217,728,5799,3393,2314,5175,104,1772,693,6796,1725,105957,186445,94971,1
43377,49594,37327,36578,42245,40440,33416,15851,27526,33743,21476,20727,9961,16178,3911,3162,2937,9154,3113,3862,1132,7349,4918,5667,92971,131952,73905,1
43582,43557,40432,29708,39679,36855,35427,55784,12202,12227,15352,26076,8155,8130,5005,5719,6727,6702,3577,7147,3903,3878,753,9971,87139,167745,70140,1
56671,52863,45522,82797,49362,56024,49177,78210,21539,25347,32688,4587,7494,3686,3655,33620,647,3161,10502,26773,7309,3501,3840,33435,109534,232773,128319,1
142270,145064,125703,156089,135005,138204,136182,169002,26732,23938,43299,12913,6088,8882,10479,19907,4066,6860,12501,17885,7265,10059,9302,21084,287334,578393,281792,1
5153,4999,4580,6054,4493,5062,4154,1964,3189,3035,2616,4090,999,845,426,1900,91,63,482,992,660,506,87,1561,10152,15673,10634,1
53342,53369,50465,97046,55957,54640,51297,97693,44351,44324,47228,647,2045,2072,832,45749,1298,1271,4175,42406,2615,2588,5492,41089,106711,259587,147511,1
85625,82710,80482,134982,75804,77294,68073,171197,85572,88487,90715,36215,17552,14637,12409,66909,8331,5416,3188,57688,9821,6906,4678,59178,168335,392368,215464,1
35702,35966,25511,93079,31212,30170,31287,79805,44103,43839,54294,13274,4415,4679,5776,61792,5532,5796,4659,62909,4490,4754,5701,61867,71668,172474,118590,1
64625,58580,69363,111614,78496,79895,95311,78444,13819,19864,9081,33170,30686,36731,25948,16303,15270,21315,10532,31719,13871,19916,9133,33118,123205,332146,180977,1
49266,38210,36742,50012,41397,36668,40823,27355,21911,10855,9387,22657,8443,2613,4081,9189,12598,1542,74,13344,7869,3187,4655,8615,87476,146243,86754,1
12458,15036,12875,29313,14079,11373,12585,18175,5717,3139,5300,11138,127,2451,290,16728,1085,3663,1502,17940,1621,957,1204,15234,27494,56212,42188,1
17497,17158,15300,10037,16787,16356,14239,3870,13627,13288,11430,6167,3258,2919,1061,4202,1141,802,1056,6319,710,371,1487,6750,34655,51252,25337,1
128059,136445,110455,142846,126052,120859,109953,156917,28858,20472,46462,14071,18106,26492,502,32893,7200,15586,10404,21987,2007,10393,15597,16794,264504,513781,253301,1
71575,66666,70171,96241,68382,64674,64852,66100,5475,566,4071,30141,6723,1814,5319,31389,6901,1992,5497,31567,3193,1716,1789,27859,138241,264008,166412,1
176560,191717,162946,175701,168815,167479,147446,168327,8233,23390,5381,7374,29114,44271,15500,28255,9081,24238,4533,8222,7745,22902,5869,6886,368277,652067,338647,1
54508,55980,59234,41474,63137,57016,65555,90614,36106,34634,31380,49140,11047,9575,6321,24081,2508,1036,2218,15542,8629,7157,3903,21663,110488,276322,100708,1
5486,5541,4503,6301,6194,6873,6912,17346,11860,11805,12843,11045,1426,1371,2409,611,1387,1332,2370,572,708,653,1691,107,11027,37325,10804,1
61390,61405,54337,60774,52491,55796,50058,57090,4300,4315,2753,3684,11332,11347,4279,10716,5594,5609,1459,4978,8899,8914,1846,8283,122795,215435,115111,1
30145,27569,24377,29795,27476,27061,26122,32302,2157,4733,7925,2507,4023,1447,1745,3673,3084,508,2684,2734,2669,93,3099,2319,57714,112961,54172,1
63229,58636,54119,52791,65333,62885,63861,71153,7924,12517,17034,18362,632,5225,9742,11070,344,4249,8766,10094,2104,6697,11214,12542,121865,263232,106910,1
29075,32523,25954,52217,23820,26048,23354,20444,8631,12079,5510,31773,5721,9169,2600,28863,3027,6475,94,26169,5255,8703,2134,28397,61598,93666,78171,1
274383,273244,244603,275238,261243,270389,245495,207898,66485,65346,36705,67340,28888,27749,892,29743,3994,2855,25786,4849,13140,12001,16640,13995,547627,985025,519841,1
63657,56849,68362,27245,73735,72469,70616,130070,66413,73221,61708,102825,6959,13767,2254,43371,8812,15620,4107,45224,10078,16886,5373,46490,120506,346890,95607,1
55473,57104,52742,61447,57133,54383,54089,77372,21899,20268,24630,15925,1384,3015,1347,7358,1090,2721,1641,7064,1660,29,4391,4314,112577,242977,114189,1
100285,112698,104536,105850,102514,109771,97585,72621,27664,40077,31915,33229,2700,15113,6951,8265,9486,2927,5235,3921,2229,10184,2022,3336,212983,382491,210386,1
46699,47248,44206,59421,43423,45407,37616,93267,46568,46019,49061,33846,9083,9632,6590,21805,1292,1841,1201,14014,3276,3825,783,15998,93947,219713,103627,1
83806,92059,82147,121638,84957,85141,73130,103016,19210,10957,20869,18622,10676,18929,9017,48508,1335,6918,2994,36497,1151,7102,2810,36681,175865,346244,203785,1
105380,125171,99290,80502,114045,110205,109794,143392,38012,18221,44102,62890,4414,15377,10504,29292,4825,14966,10915,29703,8665,11126,14755,33543,230551,477436,179792,1
109482,115230,95144,134401,100348,100633,94632,113879,4397,1351,18735,20522,14850,20598,512,39769,8849,14597,5489,33768,9134,14882,5204,34053,224712,409492,229545,1
134444,149033,147829,196982,135238,141426,116448,153499,19055,4466,5670,43483,17996,32585,31381,80534,6982,7607,6403,55556,794,13795,12591,61744,283477,546611,344811,1
59079,57399,52713,67345,58411,58946,52138,102537,43458,45138,49824,35192,6941,5261,575,15207,133,1547,6233,8399,668,1012,5698,8934,116478,272032,120058,1
64254,72764,65865,42047,71227,68361,66456,80484,16230,7720,14619,38437,2202,6308,591,24409,4107,4403,2496,26314,6973,1537,5362,29180,137018,286528,107912,1
198776,224346,178544,269595,190155,189845,204463,243927,45151,19581,65383,25668,5687,19883,25919,65132,8931,34501,11301,79750,8621,34191,11611,79440,423122,828390,448139,1
45671,41647,33940,33025,38322,37501,34193,24181,21490,17466,9759,8844,11478,7454,253,1168,8170,4146,3561,4476,7349,3325,4382,5297,87318,134197,66965,1
119408,129341,108939,156809,106664,116472,114602,155851,36443,26510,46912,958,4806,14739,5663,42207,2936,12869,7533,40337,12744,22677,2275,50145,248749,493589,265748,1
29864,32313,29181,17206,30480,30477,30258,39655,9791,7342,10474,22449,394,2055,1077,13052,613,1836,1296,13271,616,1833,1299,13274,62177,130870,46387,1
27449,30762,27261,21126,23537,27439,25429,39506,12057,8744,12245,18380,2020,5333,1832,4303,10,3323,178,6313,3912,7225,3724,2411,58211,115911,48387,1
104373,117400,99929,114184,110249,113361,101134,116559,12186,841,16630,2375,3239,16266,1205,13050,8988,4039,13432,823,5876,7151,10320,3935,221773,441303,214113,1
179010,186436,161561,191047,173997,162813,176163,249920,70910,63484,88359,58873,2847,10273,14602,14884,16197,23623,1252,28234,5013,12439,12436,17050,365446,762893,352608,1
107782,115411,102799,112861,105685,110225,110421,119830,12048,4419,17031,6969,2639,4990,7622,2440,2443,5186,7426,2636,2097,9726,2886,7176,223193,446161,215660,1
123884,124934,115097,125469,126351,116152,123627,155421,31537,30487,40324,29952,257,1307,8530,1842,7732,8782,1055,9317,2467,1417,11254,882,248818,521551,240566,1
159910,172644,173153,150461,167960,163342,164255,273483,113573,100839,100330,123022,4345,8389,8898,13794,3432,9302,9811,12881,8050,4684,5193,17499,332554,769040,323614,1
67503,63460,58484,60658,70896,69599,55839,102949,35446,39489,44465,42291,11664,7621,2645,4819,2096,6139,11115,8941,3393,7436,12412,10238,130963,299283,119142,1
197659,186869,172403,207594,194798,188582,186608,292723,95064,105854,120320,85129,11051,261,14205,20986,9077,1713,16179,19012,2861,7929,22395,12796,384528,862711,379997,1
41293,42041,41330,37282,49834,45881,51070,49428,8135,7387,8098,12146,9777,9029,9740,13788,4588,3840,4551,8599,8541,7793,8504,12552,83334,196213,78612,1
11524,12995,10515,14818,11246,11356,9850,6980,4544,6015,3535,7838,1674,3145,665,4968,168,1639,841,3462,278,1749,731,3572,24519,39432,25333,1
28057,29331,30464,15566,32694,28592,27532,31245,3188,1914,781,15679,525,1799,2932,11966,535,739,1872,13026,4637,3363,2230,17128,57388,120063,46030,1
106997,84900,85836,114070,99981,100452,80719,139437,32440,54537,53601,25367,26278,4181,5117,33351,6545,15552,14616,13618,7016,15081,14145,14089,191897,420589,199906,1
76043,78821,75984,62317,77147,81416,73287,102514,26471,23693,26530,40197,2756,5534,2697,10970,5373,2595,5432,19099,1104,1674,1163,14830,154864,334364,138301,1
349458,311303,284553,354793,320821,313576,299273,416170,66712,104867,131617,61377,50185,12030,14720,55520,35882,2273,29023,41217,28637,9518,36268,33972,660761,1349840,639346,1
23175,30254,21806,22104,34918,24786,31566,25252,2077,5002,3446,3148,8391,1312,9760,9462,1611,5468,2980,2682,11743,4664,13112,12814,53429,116522,43910,1
70543,78923,68124,65809,74338,71664,76815,86183,15640,7260,18059,20374,6272,2108,8691,11006,1121,7259,3540,5855,3795,4585,6214,8529,149466,309000,133933,1
42937,40082,43055,44494,40026,42716,40300,34966,7971,5116,8089,9528,2637,218,2755,4194,221,2634,339,1778,2911,56,3029,4468,83019,158008,87549,1
5321,4406,4956,3749,5435,4490,5233,18300,12979,13894,13344,14551,88,827,277,1484,831,84,466,741,114,1029,479,1686,9727,33458,8705,1
72247,78109,71384,63196,76260,72359,74622,54734,17513,23375,16650,8462,2375,3487,3238,11426,112,5750,975,9163,4013,1849,4876,13064,150356,277975,134580,1
40226,38532,46787,24454,39767,40269,42375,65347,25121,26815,18560,40893,2149,3843,4412,17921,43,1737,6518,15815,459,1235,7020,15313,78758,187758,71241,1
107641,97660,93628,112920,105833,101730,109003,98097,9544,437,4469,14823,1362,11343,15375,3917,5911,4070,8102,11190,1808,8173,12205,7087,205301,414663,206548,1
38550,31279,36455,13003,39347,41319,48441,75390,36840,44111,38935,62387,9891,17162,11986,35438,2769,10040,4864,28316,797,8068,2892,26344,69829,204497,49458,1
57866,74723,64245,55615,71919,65762,66247,92338,34472,17615,28093,36723,8381,8476,2002,10632,7896,8961,1517,10147,14053,2804,7674,16304,132589,296266,119860,1
204820,201615,183735,204488,173854,185640,172416,293615,88795,92000,109880,89127,32404,29199,11319,32072,19180,15975,1905,18848,30966,27761,9881,30634,406435,825525,388223,1
35517,41152,34801,23564,39956,37529,37969,37600,2083,3552,2799,14036,2452,3183,3168,14405,2012,3623,2728,13965,4439,1196,5155,16392,76669,153054,58365,1
85158,85673,80324,94363,88493,86519,85660,112085,26927,26412,31761,17722,502,13,5336,8703,1361,846,6195,7844,3335,2820,8169,5870,170831,372757,174687,1
104333,104667,95271,122385,102683,107388,107181,96121,8212,8546,850,26264,2848,2514,11910,15204,3055,2721,12117,14997,1650,1984,7412,19702,209000,413373,217656,1
29191,32468,27542,19626,32505,32080,29776,15634,13557,16834,11908,3992,585,2692,2234,10150,2889,388,4538,12454,3314,37,4963,12879,61659,109995,47168,1
32886,38499,29994,58600,35571,37129,37077,58540,25654,20041,28546,60,4191,1422,7083,21523,4243,1370,7135,21471,2685,2928,5577,23029,71385,168317,88594,1
1399,1315,1330,938,1465,1366,1433,963,436,352,367,25,34,118,103,495,33,51,36,428,66,150,135,527,2714,5227,2268,1
78356,79580,76821,77767,83761,78013,80628,116310,37954,36730,39489,38543,2272,1048,3807,2861,343,1567,1192,246,5405,4181,6940,5994,157936,358712,154588,1
127256,126469,127780,109559,122309,121009,125200,143394,16138,16925,15614,33835,2056,1269,2580,15641,6247,5460,6771,11450,4947,4160,5471,12750,253725,511912,237339,1
173081,185677,160217,165474,171658,174973,157871,183076,9995,2601,22859,17602,15210,27806,2346,7603,1892,10704,14756,9499,1423,14019,11441,6184,358758,687578,325691,1
89963,87059,94389,77366,95571,104955,108405,91121,1158,4062,3268,13755,18442,21346,14016,31039,14992,17896,10566,27589,5608,8512,1182,18205,177022,400052,171755,1
26898,23523,20910,40318,24496,19995,22882,31369,4471,7846,10459,8949,4016,641,1972,17436,6903,3528,915,20323,2402,973,3586,15822,50421,98742,61228,1
133716,112945,132238,85470,136144,142018,163230,218149,84433,105204,85911,132679,29514,50285,30992,77760,8302,29073,9780,56548,2428,23199,3906,50674,246661,659541,217708,1
120625,112990,111021,84059,110034,115160,117692,165815,45190,52825,54794,81756,2933,4702,6671,33633,5465,2170,4139,31101,10591,2956,987,25975,233615,508701,195080,1
75606,74177,77381,77819,83048,90824,94717,97096,21490,22919,19715,19277,19111,20540,17336,16898,15218,16647,13443,13005,7442,8871,5667,5229,149783,365685,155200,1
70861,73258,68264,81002,72029,74801,76632,59524,11337,13734,8740,21478,5771,3374,8368,4370,3940,1543,6537,6201,1168,1229,3765,8973,144119,282986,149266,1
26626,22457,23738,20359,29395,30007,31854,45965,19339,23508,22227,25606,5228,9397,8116,11495,3381,7550,6269,9648,2769,6938,5657,9036,49083,137221,44097,1
69607,71883,73803,82598,65818,72815,60456,112478,42871,40595,38675,29880,9151,11427,13347,22142,3208,932,988,9783,3789,6065,7985,16780,141490,311567,156401,1
188093,204270,158554,168177,184684,172477,191886,271143,83050,66873,112589,102966,3793,12384,33332,23709,15616,31793,13923,4300,3409,19586,26130,16507,392363,820190,326731,1
99960,90898,93091,98575,103911,104641,106840,130661,30701,39763,37570,32086,6880,15942,13749,8265,4681,13743,11550,6066,3951,13013,10820,5336,190858,446053,191666,1
100022,86423,96731,122695,111071,121240,115918,166447,66425,80024,69716,43752,15896,29495,19187,6777,21218,34817,24509,1455,11049,24648,14340,11624,186445,514676,219426,1
197215,201048,179260,204429,187632,189074,184815,292635,95420,91587,113375,88206,12400,16233,5555,19614,8141,11974,9814,15355,9583,13416,8372,16797,398263,854156,383689,1
112772,113829,108399,165919,105175,113122,104208,158473,45701,44644,50074,7446,8564,9621,4191,61711,350,707,4723,52797,7597,8654,3224,60744,226601,480978,274318,1
96135,91366,89919,81792,108146,117259,105302,169927,73792,78561,80008,88135,9167,13936,15383,23510,21124,25893,27340,35467,12011,16780,18227,26354,187501,500634,171711,1
177297,189892,160575,157638,178404,169614,177504,171228,6069,18664,10653,13590,207,12388,16929,19866,7683,20278,9039,11976,1107,11488,17829,20766,367189,696750,318213,1
36265,31569,38998,69926,39487,44075,46236,75002,38737,43433,36004,5076,9971,14667,7238,23690,7810,12506,5077,25851,3222,7918,489,30439,67834,204800,108924,1
32988,31769,31602,18005,35942,35901,32491,85303,52315,53534,53701,67298,497,722,889,14486,2913,4132,4299,17896,2954,4173,4340,17937,64757,189637,49607,1
17115,18050,17327,14126,16382,11904,15191,12159,4956,5891,5168,1967,1924,2859,2136,1065,5211,6146,5423,2222,733,1668,945,2256,35165,55636,31453,1
390641,374716,365729,413561,378024,372275,381538,505662,115021,130946,139933,92101,9103,6822,15809,32023,18366,2441,6546,41286,12617,3308,12295,35537,765357,1637499,779290,1
44323,42742,37805,71979,43342,46024,41594,78472,34149,35730,40667,6493,2729,1148,3789,30385,1701,3282,8219,25955,981,600,5537,28637,87065,209432,109784,1
17126,17492,15631,22109,18215,16108,14723,29804,12678,12312,14173,7695,2403,2769,908,7386,1018,1384,477,6001,1089,723,2584,3894,34618,78850,37740,1
117589,101940,107320,119004,111777,109746,106228,120060,2471,18120,12740,1056,11361,4288,1092,12776,7843,7806,2426,9258,5812,9837,4457,7227,219529,447811,226324,1
48572,50114,47599,45724,74180,67609,66312,108256,59684,58142,60657,62532,17740,16198,18713,20588,19037,17495,20010,21885,25608,24066,26581,28456,98686,316357,93323,1
28559,33530,31550,65339,33950,33289,30045,35627,7068,2097,4077,29712,1486,3485,1505,35294,4730,241,1739,32050,5391,420,2400,31389,62089,132911,96889,1
127863,123292,117993,127494,127841,123445,128146,115688,12175,7604,2305,11806,283,4854,10153,652,4418,153,5452,4049,22,4549,9848,347,251155,495120,245487,1
17997,15081,19050,12392,23175,26785,24111,41827,23830,26746,22777,29435,6114,9030,5061,11719,8788,11704,7735,14393,5178,8094,4125,10783,33078,115898,31442,1
104799,107216,103221,133903,110602,102451,107131,207056,102257,99840,103835,73153,2332,85,3910,26772,2348,4765,770,31452,5803,3386,7381,23301,212015,527240,237124,1
155290,155892,159046,142348,155139,156542,143022,192592,37302,36700,33546,50244,12268,12870,16024,674,1252,650,2504,14194,151,753,3907,12791,311182,647295,301394,1
13486,14076,11625,21679,13260,13492,14545,36829,23343,22753,25204,15150,1059,469,2920,7134,6,584,1867,8187,226,816,1635,8419,27562,78126,33304,1
64963,69067,58937,51752,61563,60692,59521,87661,22698,18594,28724,35909,5442,9546,584,7769,4271,8375,1755,8940,3400,7504,2626,9811,134030,269437,110689,1
117046,113989,113454,89029,118996,117043,113642,144346,27300,30357,30892,55317,3404,347,188,24613,3,3054,3589,28014,1950,5007,5542,29967,231035,494027,202483,1
119054,115660,107474,126888,121663,121075,127448,165260,46206,49600,57786,38372,8394,11788,19974,560,2021,5415,13601,5813,2609,6003,14189,5225,234714,535446,234362,1
88706,99880,86490,88578,102207,97704,108108,74302,14404,25578,12188,14276,19402,8228,21618,19530,8998,2176,11214,9126,13501,2327,15717,13629,188586,382321,175068,1
46895,52376,42088,55488,49326,50795,48633,49466,2571,2910,7378,6022,1738,3743,6545,6855,3900,1581,8707,4693,2431,3050,7238,6162,99271,198220,97576,1
46575,53224,45461,46010,51630,50966,47783,34509,12066,18715,10952,11501,1208,5441,2322,1773,4391,2258,5505,4956,5055,1594,6169,5620,99799,184888,91471,1
46230,61899,46325,45761,51774,50424,54625,25065,21165,36834,21260,20696,8395,7274,8300,8864,4194,11475,4099,4663,5544,10125,5449,6013,108129,181888,92086,1
256442,258005,234896,317237,252734,260680,248435,378604,122162,120599,143708,61367,8007,9570,13539,68802,4238,2675,25784,56557,3708,5271,17838,64503,514447,1140453,552133,1
54588,57592,47670,44817,54602,52271,51273,83945,29357,26353,36275,39128,3315,6319,3603,6456,2317,5321,4601,7454,14,2990,6932,9785,112180,242091,92487,1
78050,74012,71916,87138,75508,75986,81028,143194,65144,69182,71278,56056,2978,7016,9112,6110,2064,1974,4070,11152,2542,1496,3592,11630,152062,375716,159054,1
157134,167848,169895,158266,173621,174340,178947,186286,29152,18438,16391,28020,21813,11099,9052,20681,17206,6492,4445,16074,16487,5773,3726,15355,324982,713194,328161,1
129597,135011,127540,148788,130776,132380,128522,114753,14844,20258,12787,34035,1075,6489,982,20266,2783,2631,4840,16408,1179,4235,3236,18012,264608,506431,276328,1
105945,111333,99861,133596,99091,101064,92614,95334,10611,15999,4527,38262,13331,18719,7247,40982,4881,10269,1203,32532,6854,12242,770,34505,217278,388103,233457,1
154167,160860,138152,127083,155627,148363,144700,173935,19768,13075,35783,46852,9467,16160,6548,17617,5804,12497,10211,21280,1460,5233,17475,28544,315027,622625,265235,1
111692,101795,100576,102644,114838,105136,113133,120206,8514,18411,19630,17562,1441,11338,12557,10489,6556,3341,4560,2492,3146,13043,14262,12194,213487,453313,203220,1
65786,49500,60240,42999,61914,65263,74934,122087,56301,72587,61847,79088,9148,25434,14694,31935,523,15763,5023,22264,3872,12414,1674,18915,115286,324198,103239,1
184668,195444,181755,248029,198608,201308,196011,285362,100694,89918,103607,37333,11343,567,14256,52018,16640,5864,19553,46721,13940,3164,16853,49421,380112,881289,429784,1
235127,227498,213836,204150,234029,227032,236633,194784,40343,32714,19052,9366,1506,9135,22797,32483,8095,466,13196,22882,1098,6531,20193,29879,462625,892478,417986,1
53474,55866,48060,65633,50311,51159,49150,95913,42439,40047,47853,30280,4324,6716,1090,16483,2315,4707,3099,14474,3163,5555,2251,15322,109340,246533,113693,1
65768,77103,65033,89939,74122,75823,68498,110193,44425,33090,45160,20254,2730,8605,3465,21441,10055,1280,10790,14116,8354,2981,9089,15817,142871,328636,154972,1
14115,13487,12049,13065,13304,12203,13891,66611,52496,53124,54562,53546,224,404,1842,826,1912,1284,154,862,811,183,1255,239,27602,106009,25114,1
54966,57116,43101,48412,56906,53208,53844,40661,14305,16455,2440,7751,1122,3272,10743,5432,1758,3908,10107,4796,1940,210,13805,8494,112082,204619,91513,1
46782,46034,43882,63858,51077,49113,50569,92504,45722,46470,48622,28646,3787,4535,6687,13289,2331,3079,5231,14745,4295,5043,7195,12781,92816,243263,107740,1
21546,17137,23951,18218,22731,24778,25875,75618,54072,58481,51667,57400,4329,8738,1924,7657,3232,7641,827,6560,1185,5594,1220,4513,38683,149002,42169,1
105160,84741,93364,96971,100268,96004,83102,132264,27104,47523,38900,35293,22058,1639,10262,13869,9156,11263,2640,967,4892,15527,6904,3297,189901,411638,190335,1
112361,101667,114583,166815,109585,106354,105130,289723,177362,188056,175140,122908,7231,3463,9453,61685,6007,4687,8229,60461,2776,7918,4998,57230,214028,610792,281398,1
211096,224388,197239,244329,208168,196875,208389,254257,43161,29869,57018,9928,2707,15999,11150,35940,14221,27513,364,47454,2928,16220,10929,36161,435484,867689,441568,1
67138,66704,52648,74644,57189,54018,61087,92231,25093,25527,39583,17587,6051,5617,8439,13557,13120,12686,1370,20626,9949,9515,4541,17455,133842,264525,127292,1
60048,57052,51644,48487,61594,58330,60814,96942,36894,39890,45298,48455,766,3762,9170,12327,1718,1278,6686,9843,1546,4542,9950,13107,117100,277680,100131,1
14826,17249,11777,12768,11473,12156,8796,20651,5825,3402,8874,7883,6030,8453,2981,3972,2670,5093,379,612,3353,5776,304,1295,32075,53076,24545,1
52427,52599,50605,45496,57979,55245,52414,56196,3769,3597,5591,10700,13,185,1809,6918,2818,2646,4640,9749,5552,5380,7374,12483,105026,221834,96101,1
156048,165410,145980,217642,156865,160044,156999,256553,100505,91143,110573,38911,951,8411,11019,60643,3996,5366,14064,57598,817,8545,10885,60777,321458,730461,363622,1
101354,113940,108625,122441,112366,112661,108047,134040,32686,20100,25415,11599,6693,5893,578,14394,11307,1279,4036,9780,11012,1574,3741,10075,215294,467114,231066,1
107697,104186,95547,95479,107418,107078,104317,92244,15453,11942,3303,3235,3380,131,8770,8838,619,2892,11531,11599,279,3232,11871,11939,211883,411057,191026,1
41275,47167,31281,26605,44156,39910,41183,22641,18634,24526,8640,3964,92,5984,9902,14578,1365,7257,8629,13305,2881,3011,12875,17551,88442,147890,57886,1
16557,20121,15603,29227,16210,17195,16079,20785,4228,664,5182,8442,478,4042,476,13148,638,2926,1592,12032,347,3911,607,13017,36678,70269,44830,1
30749,27262,25814,27584,26786,28338,25993,28677,2072,1415,2863,1093,4756,1269,179,1591,2411,1076,2524,754,3963,476,972,798,58011,109794,53398,1
204170,152352,183280,134721,213582,205540,169888,197819,6351,45467,14539,63098,34282,17536,13392,35167,1370,53188,22260,70819,9412,61230,30302,78861,356522,786829,318001,1
14816,14605,13089,15440,16051,13465,14783,29285,14469,14680,16196,13845,33,178,1694,657,1351,1140,376,1975,1235,1446,2962,611,29421,73584,28529,1
70584,76593,70102,84435,71315,73483,69994,143643,73059,67050,73541,59208,590,6599,108,14441,2899,3110,3381,10952,731,5278,1213,13120,147177,358435,154537,1
34529,38859,33458,24433,36472,36574,36979,42599,8070,3740,9141,18166,2450,1880,3521,12546,2045,2285,3116,12141,1943,2387,3014,12039,73388,152624,57891,1
38474,21386,30628,20337,40580,41896,29370,51960,13486,30574,21332,31623,9104,7984,1258,9033,3422,20510,11268,21559,2106,19194,9952,20243,59860,163806,50965,1
33501,32746,32639,33219,38345,39082,40660,67043,33542,34297,34404,33824,7159,7914,8021,7441,5581,6336,6443,5863,4844,5599,5706,5126,66247,185130,65858,1
126787,138020,119531,134420,133547,113677,129027,122405,4382,15615,2874,12015,2240,8993,9496,5393,13110,24343,5854,20743,6760,4473,14016,873,264807,498656,253951,1
141324,155505,142749,173384,148965,150396,149022,227824,86500,72319,85075,54440,7698,6483,6273,24362,9072,5109,7647,22988,7641,6540,6216,24419,296829,676207,316133,1
50514,52885,47505,51000,48521,46591,46725,79511,28997,26626,32006,28511,3789,6160,780,4275,3923,6294,914,4409,1993,4364,1016,2479,103399,221348,98505,1
69792,66262,63666,54441,69318,71391,67390,94583,24791,28321,30917,40142,2402,1128,3724,12949,1599,5129,7725,16950,474,3056,5652,14877,136054,302682,118107,1
70599,56671,73488,73445,83831,77556,92579,131067,60468,74396,57579,57622,21980,35908,19091,19134,6957,20885,4068,4111,13232,27160,10343,10386,127270,385033,146933,1
166614,161403,162492,143834,178324,177801,171370,207881,41267,46478,45389,64047,4756,9967,8878,27536,11187,16398,15309,33967,11710,16921,15832,34490,328017,735376,306326,1
270149,228384,211188,208716,241755,239168,240713,203003,67146,25381,8185,5713,29436,12329,29525,31997,30981,10784,27980,30452,28394,13371,30567,33039,498533,924639,419904,0
11822,15739,12654,19980,14780,16750,15260,20384,8562,4645,7730,404,3438,479,2606,4720,4928,1011,4096,3230,2958,959,2126,5200,27561,67174,32634,0
75116,71830,72715,100616,72860,75069,71907,51992,23124,19838,20723,48624,3209,77,808,28709,47,3239,2354,25547,2256,1030,145,27756,146946,271828,173331,0
102931,99816,101662,141856,100851,107453,102870,133929,30998,34113,32267,7927,61,3054,1208,38986,4522,7637,5791,34403,2080,1035,811,41005,202747,445103,243518,0
13460,14993,13095,27404,19737,26865,26077,24400,10940,9407,11305,3004,12617,11084,12982,1327,13405,11872,13770,539,6277,4744,6642,7667,28453,97079,40499,0
47300,43348,44132,60315,48180,49211,52140,60598,13298,17250,16466,283,4840,8792,8008,8175,1911,5863,5079,11104,880,4832,4048,12135,90648,210129,104447,0
10706,10690,9927,7342,10862,10756,10663,7055,3651,3635,2872,287,43,27,736,3321,50,66,829,3414,156,172,935,3520,21396,39336,17269,0
110137,124339,108720,121695,118720,114458,107178,96137,14000,28202,12583,25558,2959,17161,1542,14517,4321,9881,5738,7237,8583,5619,10000,2975,234476,436493,230415,0
109517,94289,109876,199583,116098,106717,104952,190645,81128,96356,80769,8938,4565,10663,4924,94631,2800,12428,3159,92866,6581,21809,6222,83485,203806,518412,309459,0
70688,65786,64963,136752,70909,66087,72816,114864,44176,49078,49901,21888,2128,7030,7853,63936,4601,301,1124,70665,221,5123,5946,65843,136474,324676,201715,0
82506,89765,81011,53940,93089,85929,94143,67103,15403,22662,13908,13163,11637,4378,13132,40203,3423,3836,4918,31989,10583,3324,12078,39149,172271,340264,134951,0
75726,75440,62964,100096,70062,68409,69130,76662,936,1222,13698,23434,6596,6310,6166,30966,7317,7031,5445,31687,5664,5378,7098,30034,151166,284263,163060,0
84672,79002,72721,75898,78022,74045,67832,54473,30199,24529,18248,21425,16840,11170,4889,8066,10627,4957,1324,1853,6650,980,5301,2124,163674,274372,148619,0
22123,22806,24262,29933,25200,24101,22795,28366,6243,5560,4104,1567,672,11,1467,7138,1978,1295,161,5832,3077,2394,938,4733,44929,100462,54195,0
29557,32320,33953,37544,36241,34856,33472,35040,5483,2720,1087,2504,3915,1152,481,4072,5299,2536,903,2688,6684,3921,2288,1303,61877,139609,71497,0
12336,12088,11387,24073,11173,11348,10926,33342,21006,21254,21955,9269,1410,1162,461,13147,988,740,39,12725,1163,915,214,12900,24424,66789,35460,0
22491,22278,22416,34076,19189,20035,18690,26573,4082,4295,4157,7503,3801,3588,3726,15386,2456,2243,2381,14041,3302,3089,3227,14887,44769,84487,56492,0
19451,21048,21338,22746,22038,21864,20744,17332,2119,3716,4006,5414,1293,304,594,2002,2413,816,526,882,2587,990,700,708,40499,81978,44084,0
75187,73683,74619,79667,73954,78010,70633,67326,7861,6357,7293,12341,4554,3050,3986,9034,2823,4327,3391,1657,1233,271,665,5713,148870,289923,154286,0
98828,117887,93966,99326,110723,105983,94748,166578,67750,48691,72612,67252,4080,23139,782,4578,7155,11904,12017,6657,11895,7164,16757,11397,216715,478032,193292,0
143741,142770,134595,141993,138282,128160,140755,131376,12365,11394,3219,10617,2986,2015,6160,1238,15581,14610,6435,13833,5459,4488,3687,3711,286511,538573,276588,0
225699,181078,187614,197350,195427,200996,206561,245648,19949,64570,58034,48298,19138,25483,18947,9211,24703,19918,13382,3646,30272,14349,7813,1923,406777,848632,384964,0
36591,37814,37220,40396,38244,36507,38501,75290,38699,37476,38070,34894,1910,687,1281,1895,84,1307,713,3889,1653,430,1024,2152,74405,188542,77616,0
18514,19027,20198,32039,18927,18811,19685,34275,15761,15248,14077,2236,1171,658,513,12354,297,216,1387,13228,413,100,1271,13112,37541,91698,52237,0
127321,124743,117749,147192,119681,114333,129646,144854,17533,20111,27105,2338,2325,4903,11897,17546,12988,10410,3416,32859,7640,5062,1932,27511,252064,508514,264941,0
165855,136426,149188,121412,150273,152146,147214,147060,18795,10634,2128,25648,18641,10788,1974,25802,13709,15720,2958,30734,15582,13847,1085,28861,302281,596693,270600,0
113238,110079,104192,115215,115674,115653,107965,153877,40639,43798,49685,38662,5273,2114,3773,7250,2415,5574,11461,438,2436,5595,11482,459,223317,493169,219407,0
84096,72875,72467,82963,73206,68259,66823,89423,5327,16548,16956,6460,17273,6052,5644,16140,15837,4616,4208,14704,10890,331,739,9757,156971,297711,155430,0
46904,42915,44249,65086,46771,45387,52123,82500,35596,39585,38251,17414,5219,9208,7874,12963,1517,2472,1138,19699,133,3856,2522,18315,89819,226781,109335,0
89282,73914,84929,104825,86499,88784,93337,172864,83582,98950,87935,68039,4055,19423,8408,11488,498,14870,3855,16041,2783,12585,1570,18326,163196,441484,189754,0
95368,94712,91158,110017,98663,93328,97655,94294,1074,418,3136,15723,2287,2943,6497,12362,2040,1384,2170,16689,3295,3951,7505,11354,190080,383940,201175,0
96357,89184,88097,108401,87916,94270,96031,82308,14049,6876,5789,26093,326,6847,7934,12370,2087,5086,6173,14131,8441,1268,181,20485,185541,360525,196498,0
79514,68573,68140,83905,78895,75065,78168,63118,16396,5455,5022,20787,1346,9595,10028,5737,4449,6492,6925,8840,619,10322,10755,5010,148087,295246,152045,0
123040,116376,107028,155751,110485,110535,109605,88285,34755,28091,18743,67466,13435,6771,2577,46146,12505,5841,3507,45216,12555,5891,3457,45266,239416,418910,262779,0
40388,44494,39018,77973,38937,38621,39159,75601,35213,31107,36583,2372,1229,5335,141,38814,1767,5873,397,39352,1451,5557,81,39036,84882,192318,116991,0
22278,17487,18471,36681,19405,20215,18970,10998,11280,6489,7473,25683,3308,1483,499,17711,2063,2728,1744,16466,2873,1918,934,17276,39765,69588,55152,0
65554,64945,76125,42005,73745,71181,78034,130026,64472,65081,53901,88021,12480,13089,1909,36029,5627,6236,4944,29176,8191,8800,2380,31740,130499,352986,118130,0
26670,30807,26696,50293,26809,26807,25449,42489,15819,11682,15793,7804,1221,5358,1247,24844,137,4000,111,23486,139,3998,113,23484,57477,121554,76989,0
87251,75381,75295,75800,78922,77534,73957,79741,7510,4360,4446,3941,13294,1424,1338,1843,9717,2153,2239,1734,8329,3541,3627,3122,162632,310154,151095,0
45269,43311,44540,25520,45931,46302,45038,47293,2024,3982,2753,21773,231,1727,498,19518,1033,2991,1762,20782,662,2620,1391,20411,88580,184564,70060,0
35720,32450,34068,40011,35078,36302,34506,31469,4251,981,2599,8542,1214,2056,438,5505,582,3852,2234,3709,642,2628,1010,4933,68170,137355,74079,0
63794,56367,56533,38416,60010,61477,60654,48987,14807,7380,7546,10571,3140,4287,4121,22238,2317,5110,4944,23061,3784,3643,3477,21594,120161,231128,94949,0
42428,40197,35952,75911,42873,40431,41547,100309,57881,60112,64357,24398,881,1350,5595,34364,1997,234,4479,35480,445,2676,6921,33038,82625,225160,111863,0
77616,62652,59982,82230,55129,60808,59397,39838,37778,22814,20144,42392,18219,3255,585,22833,16808,1844,826,21422,22487,7523,4853,27101,140268,215172,142212,0
21183,20598,20501,20464,19372,20006,18530,20286,897,312,215,178,2653,2068,1971,1934,1177,592,495,458,1811,1226,1129,1092,41781,78194,40965,0
77275,73988,70856,151881,73544,71096,65498,160861,83586,86873,90005,8980,11777,8490,5358,86383,6179,2892,240,80785,3731,444,2688,78337,151263,370999,222737,0
128729,133710,126867,101931,142917,135994,142477,135568,6839,1858,8701,33637,13748,8767,15610,40546,7265,2284,9127,34063,14188,9207,16050,40986,262439,556956,228798,0
42516,38517,37463,36202,38392,39740,36457,30823,11693,7694,6640,5379,6059,2060,1006,255,2776,1223,2277,3538,4124,125,929,2190,81033,145412,73665,0
116443,120556,103024,127465,113119,102572,111029,176662,60219,56106,73638,49197,5414,9527,8005,16436,13871,17984,452,24893,3324,7437,10095,14346,236999,503382,230489,0
93030,80034,89574,86022,85517,85852,85014,89088,3942,9054,486,3066,8016,4980,4560,1008,7178,5818,3722,170,7513,5483,4057,505,173064,345471,175596,0
108682,99630,107052,137139,110275,108886,109538,126520,17838,26890,19468,10619,856,9908,2486,27601,204,9256,1834,28253,1593,10645,3223,26864,208312,455219,244191,0
33583,33462,33907,26825,48736,42385,41073,91101,57518,57639,57194,64276,7490,7611,7166,14248,8802,8923,8478,15560,15153,15274,14829,21911,67045,223295,60732,0
65888,63318,64125,66452,68090,65707,65826,71982,6094,8664,7857,5530,62,2508,1701,626,181,2389,1582,745,2202,4772,3965,1638,129206,271605,130577,0
51539,54157,49357,49626,53286,46912,53588,48368,3171,5789,989,1258,2049,569,4231,3962,4627,7245,2445,2714,1747,871,3929,3660,105696,202154,98983,0
231705,236410,217798,252178,254643,240496,249419,292704,60999,56294,74906,40526,17714,13009,31621,2759,8791,4086,22698,11682,22938,18233,36845,2465,468115,1037262,469976,0
71309,64366,75320,72112,81798,82817,77951,108732,37423,44366,33412,36620,6642,13585,2631,5839,11508,18451,7497,10705,10489,17432,6478,9686,135675,351298,147432,0
9862,7403,10282,20310,11616,11692,12988,19799,9937,12396,9517,511,3126,5585,2706,7322,1830,4289,1410,8618,1754,4213,1334,8694,17265,56095,30592,0
93274,79314,75903,99855,84531,84790,84249,129145,35871,49831,53242,29290,9025,4935,8346,15606,8484,5476,8887,15065,8743,5217,8628,15324,172588,382715,175758,0
22985,17015,18360,18496,17645,18141,16126,46845,23860,29830,28485,28349,6859,889,2234,2370,4844,1126,219,355,5340,630,715,851,40000,98757,36856,0
64332,61021,60088,113441,65557,63382,65357,72060,7728,11039,11972,41381,1025,4336,5269,48084,950,2361,3294,50059,1225,4536,5469,47884,125353,266356,173529,0
31558,33278,41287,51654,46149,46881,46601,42075,10517,8797,788,9579,15043,13323,5314,5053,15323,13603,5594,4773,14591,12871,4862,5505,64836,181706,92941,0
21587,25841,23941,37577,23855,27222,27719,40371,18784,14530,16430,2794,6132,1878,3778,9858,5635,1381,3281,10355,2268,1986,86,13722,47428,119167,61518,0
21587,25841,23941,37577,23855,27222,27719,40371,18784,14530,16430,2794,6132,1878,3778,9858,5635,1381,3281,10355,2268,1986,86,13722,47428,119167,61518,0
26444,19683,26854,56256,31136,29821,34242,33815,7371,14132,6961,22441,7798,14559,7388,22014,3377,10138,2967,26435,4692,11453,4282,25120,46127,129014,83110,0
26444,19683,26854,56256,31136,29821,34242,33815,7371,14132,6961,22441,7798,14559,7388,22014,3377,10138,2967,26435,4692,11453,4282,25120,46127,129014,83110,0
84653,81161,74774,89968,89748,89936,90683,86332,1679,5171,11558,3636,6030,9522,15909,715,5283,8775,15162,32,5095,8587,14974,220,165814,356699,164742,0
211051,168968,183586,177357,196362,196566,182459,257531,46480,88563,73945,80174,28592,13491,1127,5102,14485,27598,12980,19209,14689,27394,12776,19005,380019,832918,360943,0
54148,52104,46040,43518,50832,48765,57178,107675,53527,55571,61635,64157,3030,5074,11138,13660,5383,3339,2725,5247,3316,1272,4792,7314,106252,264450,89558,0
258456,228540,221272,286186,225489,224304,222663,283305,24849,54765,62033,2881,35793,5877,1391,63523,34152,4236,3032,61882,32967,3051,4217,60697,486996,955761,507458,0
83986,64589,80686,102704,87465,88025,84878,110256,26270,45667,29570,7552,892,20289,4192,17826,4039,23436,7339,14679,3479,22876,6779,15239,148575,370624,183390,0
9417,11048,8864,12651,10663,9106,8462,10047,630,1001,1183,2604,955,2586,402,4189,311,1942,242,3545,1246,385,1799,1988,20465,38278,21515,0
22406,21182,23217,25476,21010,21567,23413,19744,2662,1438,3473,5732,1007,2231,196,2063,839,385,1650,3909,1396,172,2207,4466,43588,85734,48693,0
103877,99432,91047,94643,95439,101603,91394,58702,45175,40730,32345,35941,12483,8038,347,3249,2274,2171,10556,6960,8438,3993,4392,796,203309,347138,185690,0
16724,14710,15143,15536,15804,17160,17575,29631,12907,14921,14488,14095,851,2865,2432,2039,436,2450,2017,1624,920,1094,661,268,31434,80170,30679,0
43831,41994,40622,33528,41756,42482,43226,42651,1180,657,2029,9123,605,1232,2604,9698,1349,488,1860,8954,2075,238,1134,8228,85825,170115,74150,0
70183,64529,55949,56522,65814,52951,62309,78744,8561,14215,22795,22222,7874,2220,6360,5787,17232,11578,2998,3571,4369,1285,9865,9292,134712,259818,112471,0
104734,110057,98805,119068,105308,105813,105189,134203,29469,24146,35398,15135,455,4868,6384,13879,1079,4244,7008,13255,574,4749,6503,13760,214791,450513,217873,0
88391,78478,83274,77507,83990,83436,78019,78091,10300,387,5183,584,10372,459,5255,512,4955,4958,162,5929,4401,5512,716,6483,166869,323536,160781,0
40054,39750,36563,45153,38281,37487,38458,55647,15593,15897,19084,10494,1596,1292,1895,6695,2567,2263,924,7666,1773,1469,1718,6872,79804,169873,81716,0
77579,70160,79349,65200,84794,82574,82036,101801,24222,31641,22452,36601,4457,11876,2687,16836,4995,12414,3225,17374,7215,14634,5445,19594,147739,351205,144549,0
44060,36522,43576,37277,45756,44494,48965,87570,43510,51048,43994,50293,4905,12443,5389,11688,434,7972,918,7217,1696,9234,2180,8479,80582,226785,80853,0
15316,13446,14549,9981,16052,12334,14834,23821,8505,10375,9272,13840,482,1388,285,4853,2982,1112,2215,2353,736,2606,1503,6071,28762,67041,24530,0
33858,32288,31486,36784,33672,32077,32409,22268,11590,10020,9218,14516,1449,121,923,4375,1781,211,591,4707,186,1384,2186,3112,66146,120426,68270,0
37017,31102,33360,37648,33576,32793,32264,20366,16651,10736,12994,17282,4753,1162,1096,5384,4224,1691,567,4855,3441,2474,216,4072,68119,118999,71008,0
28329,23835,26309,17456,33476,31269,39337,32494,4165,8659,6185,15038,11008,15502,13028,21881,2940,7434,4960,13813,5147,9641,7167,16020,52164,136576,43765,0
55278,53638,54707,52991,52934,53977,52791,36160,19118,17478,18547,16831,2487,847,1916,200,1301,339,730,986,2344,704,1773,57,108916,195862,107698,0
1968,1913,1822,1252,1931,1970,2055,1038,930,875,784,214,87,142,233,803,2,57,148,718,37,18,109,679,3881,6994,3074,0
75213,72231,68433,90185,75245,70052,80185,74619,594,2388,6186,15566,4972,7954,11752,10000,5161,2179,1619,20133,32,3014,6812,14940,147444,300101,158618,0
112804,113293,105963,96960,108836,110172,105806,86057,26747,27236,19906,10903,6998,7487,157,8846,2632,3121,4209,13212,3968,4457,2873,11876,226097,410871,202923,0
96887,96393,109669,114990,106229,111921,106752,100751,3864,4358,8918,14239,9865,10359,2917,8238,15034,15528,2252,3069,9342,9836,3440,8761,193280,425653,224659,0
38033,28448,27173,51590,33419,31640,30623,43227,5194,14779,16054,8363,7410,2175,3450,20967,6393,3192,4467,19950,4614,4971,6246,18171,66481,138909,78763,0
131235,125206,132520,101699,133443,137290,129377,193037,61802,67831,60517,91338,1858,4171,3143,27678,6055,12084,4770,35591,2208,8237,923,31744,256441,593147,234219,0
96887,96393,109669,114990,106229,111921,106752,100751,3864,4358,8918,14239,9865,10359,2917,8238,15034,15528,2252,3069,9342,9836,3440,8761,193280,425653,224659,0
124324,148468,126952,137871,131192,123903,134687,167857,43533,19389,40905,29986,10363,13781,7735,3184,421,24565,3049,13968,6868,17276,4240,6679,272792,557639,264823,0
19676,21865,20290,11094,24752,22950,22864,27745,8069,5880,7455,16651,3188,999,2574,11770,3274,1085,2660,11856,5076,2887,4462,13658,41541,98311,31384,0
32261,23639,30345,32407,31899,28023,36259,27769,4492,4130,2576,4638,3998,12620,5914,3852,4238,4384,2322,4384,362,8260,1554,508,55900,123950,62752,0
41123,41547,36491,30059,46422,43032,38660,51127,10004,9580,14636,21068,2463,2887,2169,8601,1909,1485,6541,12973,5299,4875,9931,16363,82670,179241,66550,0
49263,47617,49710,78299,48778,51252,53894,95949,46686,48332,46239,17650,4631,6277,4184,24405,1989,3635,1542,27047,485,1161,932,29521,96880,249873,128009,0
72026,72098,75357,53194,75798,72966,74194,65255,6771,6843,10102,12061,2168,2096,1163,21000,940,868,2391,19772,3772,3700,441,22604,144124,288213,128551,0
84197,90856,80583,84347,86884,87492,87188,107024,22827,16168,26441,22677,2991,3668,6605,2841,3295,3364,6909,3145,2687,3972,6301,2537,175053,368588,164930,0
73413,68383,69123,64701,67871,68349,68581,80258,6845,11875,11135,15557,4832,198,542,3880,5064,34,774,3648,5542,512,1252,3170,141796,285059,133824,0
77012,72963,72927,68060,76473,80353,80798,69042,7970,3921,3885,982,3786,7835,7871,12738,3341,7390,7426,12293,539,3510,3546,8413,149975,306666,140987,0
36598,43892,40339,50956,43674,42517,45666,43449,6851,443,3110,7507,9068,1774,5327,5290,5919,1375,2178,8439,7076,218,3335,7282,80490,175306,91295,0
64568,57610,74801,118354,64519,75967,67304,99742,35174,42132,24941,18612,2736,9694,7497,51050,11399,18357,1166,42387,49,6909,10282,53835,122178,307532,193155,0
17336,16021,16943,19092,17896,17589,18151,6973,10363,9048,9970,12119,815,2130,1208,941,253,1568,646,1503,560,1875,953,1196,33357,60609,36035,0
129818,117522,121256,155018,116947,122038,111120,111858,17960,5664,9398,43160,18698,6402,10136,43898,7780,4516,782,32980,12871,575,4309,38071,247340,461963,276274,0
232334,224815,223079,233420,234727,233062,232374,217222,15112,7593,5857,16198,40,7559,9295,1046,728,8247,9983,358,2393,9912,11648,1307,457149,917385,456499,0
37870,45329,51423,70284,59273,59617,72226,109505,71635,64176,58082,39221,34356,26897,20803,1942,21747,14288,8194,10667,21403,13944,7850,11011,83199,300621,121707,0
107112,91059,83730,57113,95591,93977,86343,84939,22173,6120,1209,27826,20769,4716,2613,29230,13135,2918,10247,36864,11521,4532,11861,38478,198171,360850,140843,0
146389,144020,125240,192972,132066,133764,116975,199526,53137,55506,74286,6554,29414,27045,8265,75997,12625,10256,8524,59208,14323,11954,6826,60906,290409,582331,318212,0
40388,44494,39018,77973,38937,38621,39159,75601,35213,31107,36583,2372,1229,5335,141,38814,1767,5873,397,39352,1451,5557,81,39036,84882,192318,116991,0
251801,212276,166482,233263,205898,195565,214311,271762,19961,59486,105280,38499,37490,2035,47829,18952,56236,16711,29083,37698,45903,6378,39416,27365,464077,887536,399745,0
76735,69013,68100,118086,72299,68566,69888,76952,217,7939,8852,41134,6847,875,1788,48198,8169,447,466,49520,4436,3286,4199,45787,145748,287705,186186,0
90843,97044,90289,74149,98431,90849,100084,59360,31483,37684,30929,14789,9241,3040,9795,25935,6,6195,560,16700,7588,1387,8142,24282,187887,348724,164438,0
159198,177596,158822,182231,170718,169571,144969,192523,33325,14927,33701,10292,14229,32627,13853,37262,10373,8025,10749,12660,11520,6878,11896,11513,336794,677781,341053,0
208550,184443,192385,230855,196791,201659,190679,252672,44122,68229,60287,21817,17871,6236,1706,40176,6891,17216,9274,29196,11759,12348,4406,34064,392993,841801,423240,0
128207,111803,120525,135898,131078,118787,115382,191394,63187,79591,70869,55496,12825,3579,5143,20516,9420,6984,1738,17111,2871,19275,10553,4820,240010,556641,256423,0
105232,109434,104270,165364,120695,102545,115558,146854,41622,37420,42584,18510,10326,6124,11288,49806,2687,6889,1725,62819,15463,11261,16425,44669,214666,485652,269634,0
9686,8723,9752,5142,10442,10022,11029,4311,5375,4412,5441,831,1343,2306,1277,5887,336,1299,270,4880,756,1719,690,5300,18409,35804,14894,0
121424,115944,111553,110945,115126,117542,118865,112303,9121,3641,750,1358,2559,2921,7312,7920,3882,1598,5989,6597,6298,818,3573,4181,237368,463836,222498,0
1968,1913,1822,1252,1931,1970,2055,1038,930,875,784,214,87,142,233,803,2,57,148,718,37,18,109,679,3881,6994,3074,0
106808,105821,85155,77811,100503,92278,92164,135786,28978,29965,50631,57975,14644,13657,7009,14353,14530,13543,7123,14467,6305,5318,15348,22692,212629,420731,162966,0
148998,135115,134286,152445,137979,140713,132741,160989,11991,25874,26703,8544,16257,2374,1545,19704,8285,5598,6427,11732,11019,2864,3693,14466,284113,572422,286731,0
8112,9205,13440,19116,14152,18966,16408,15685,7573,6480,2245,3431,8296,7203,2968,2708,10854,9761,5526,150,6040,4947,712,4964,17317,65211,32556,0
189848,170538,180949,164938,184889,173357,175349,235976,46128,65438,55027,71038,14499,4811,5600,10411,16491,2819,7592,8419,4959,14351,3940,19951,360386,769571,345887,0
124726,121557,102658,143195,118668,112908,111174,129410,4684,7853,26752,13785,13552,10383,8516,32021,11818,8649,10250,30287,6058,2889,16010,24527,246283,472160,245853,0
18706,23853,23763,20123,28104,24239,19356,27717,9011,3864,3954,7594,650,4497,4407,767,5533,386,476,4116,9398,4251,4341,7981,42559,99416,43886,0
43757,40475,39229,30751,42831,42135,43964,26617,17140,13858,12612,4134,207,3489,4735,13213,1622,1660,2906,11384,926,2356,3602,12080,84232,155547,69980,0
258141,241865,240944,289210,254826,254733,253703,286026,27885,44161,45082,3184,4438,11838,12759,35507,3408,12868,13789,34477,3315,12961,13882,34384,500006,1049288,530154,0
93320,106031,102516,116546,118711,121055,120975,166909,73589,60878,64393,50363,27655,14944,18459,4429,27735,15024,18539,4509,25391,12680,16195,2165,199351,527650,219062,0
38215,31810,29769,30070,32602,34085,31080,44086,5871,12276,14317,14016,7135,730,1311,1010,4130,2275,4316,4015,5613,792,2833,2532,70025,141853,59839,0
14331,12780,10182,7708,12913,12689,13158,16875,2544,4095,6693,9167,1173,378,2976,5450,1642,91,2507,4981,1418,133,2731,5205,27111,55635,17890,0
55564,57602,53201,56544,56258,60279,53106,40316,15248,17286,12885,16228,2458,4496,95,3438,4715,2677,7078,3735,694,1344,3057,286,113166,209959,109745,0
2713,2358,2205,1509,2273,2235,2151,1011,1702,1347,1194,498,562,207,54,642,478,123,30,726,440,85,68,764,5071,7670,3714,0
1968,1913,1822,1252,1931,1970,2055,1038,930,875,784,214,87,142,233,803,2,57,148,718,37,18,109,679,3881,6994,3074,0
125783,125322,116493,147891,126816,126356,124994,169011,43228,43689,52518,21120,789,328,8501,22897,573,1034,9863,21535,1033,1494,10323,21075,251105,547177,264384,0
6337,7265,6114,4627,6972,6439,6945,3302,3035,3963,2812,1325,608,320,831,2318,102,826,325,1812,635,293,858,2345,13602,23658,10741,0
49347,49354,48862,54281,49249,49567,45401,54774,5427,5420,5912,493,3946,3953,3461,8880,220,213,705,4714,98,105,387,5032,98701,198991,103143,0
30771,27666,26332,25461,28464,27678,28256,15214,15557,12452,11118,10247,2515,590,1924,2795,3093,12,1346,2217,2307,798,2132,3003,58437,99612,51793,0
75988,75417,69605,74030,73021,75934,69019,72524,3464,2893,2919,1506,6969,6398,586,5011,54,517,6329,1904,2967,2396,3416,1009,151405,290498,143635,0
43842,44890,38579,37358,44826,43044,39559,44834,992,56,6255,7476,4283,5331,980,2201,798,1846,4465,5686,984,64,6247,7468,88732,172263,75937,0
117505,122268,118172,100970,120998,113829,116431,116234,1271,6034,1938,15264,1074,5837,1741,15461,3676,8439,4343,12859,3493,1270,2826,20028,239773,467492,219142,0
74731,71572,73768,74928,75302,71948,87826,74392,339,2820,624,536,13095,16254,14058,12898,2783,376,1820,2980,571,3730,1534,374,146303,309468,148696,0
133234,120631,111674,151116,115872,118053,115144,169245,36011,48614,57571,18129,18090,5487,3470,35972,15181,2578,6379,33063,17362,4759,4198,35244,253865,518314,262790,0
77574,72364,85206,70066,85494,83321,83522,106090,28516,33726,20884,36024,5948,11158,1684,13456,5747,10957,1885,13255,7920,13130,288,15428,149938,358427,155272,0
192346,192783,158446,188844,183537,177092,187962,193111,765,328,34665,4267,4384,4821,29516,882,15254,15691,18646,11752,8809,9246,25091,5307,385129,741702,347290,0
16365,16951,15460,9530,16589,16011,14866,32748,16383,15797,17288,23218,1499,2085,594,5336,354,940,551,6481,224,362,1129,7059,33316,80214,24990,0
45156,44959,40418,28392,41234,41331,41066,70801,25645,25842,30383,42409,4090,3893,648,12674,3825,3628,913,12939,3922,3725,816,12842,90115,194432,68810,0
21615,15626,21799,8915,17598,19288,18406,18979,2636,3353,2820,10064,3209,2780,3393,9491,2327,3662,2511,10373,4017,1972,4201,8683,37241,74271,30714,0
27813,27614,26053,19891,28804,28060,26885,12174,15639,15440,13879,7717,928,729,832,6994,247,446,2007,8169,991,1190,2751,8913,55427,95923,45944,0
56969,62114,53487,51090,64113,60521,57031,70767,13798,8653,17280,19677,62,5083,3544,5941,3552,1593,7034,9431,7144,1999,10626,13023,119083,252432,104577,0
7394,7299,7324,4509,7965,6600,6970,31466,24072,24167,24142,26957,424,329,354,2461,794,699,724,2091,571,666,641,3456,14693,53001,11833,0
128560,123522,126458,118222,127299,129943,121924,206845,78285,83323,80387,88623,6636,1598,4534,3702,1383,6421,3485,11721,1261,3777,841,9077,252082,586011,244680,0
118486,120362,105378,178538,114253,113828,114385,206714,88228,86352,101336,28176,4101,5977,9007,64153,4658,6534,8450,64710,4233,6109,8875,64285,238848,549180,283916,0
15519,15602,16434,13721,17324,16162,16858,32078,16559,16476,15644,18357,1339,1256,424,3137,643,560,272,2441,1805,1722,890,3603,31121,82422,30155,0
47271,43841,42635,49978,43089,41139,39118,24219,23052,19622,18416,25759,8153,4723,3517,10860,6132,2702,1496,8839,4182,752,454,6889,91112,147565,92613,0
50490,52033,44535,39568,45944,49343,46807,36605,13885,15428,7930,2963,3683,5226,2272,7239,1147,2690,4808,9775,4546,6089,1409,6376,102523,178699,84103,0
15086,17487,15724,15159,16457,15202,14932,28953,13867,11466,13229,13794,154,2555,792,227,116,2285,522,43,1371,1030,733,1298,32573,75544,30883,0
165375,146405,135946,157049,143819,146883,138158,143345,22030,3060,7399,13704,27217,8247,2212,18891,18492,478,10937,10166,21556,2586,7873,13230,311780,572205,292995,0
118735,118459,106922,92858,118187,114199,116126,108317,10418,10142,1395,15459,2609,2333,9204,23268,4536,4260,7277,21341,548,272,11265,25329,237194,456829,199780,0
140936,127929,122061,111782,135343,130700,129106,126347,14589,1582,4286,14565,11830,1177,7045,17324,10236,2771,8639,18918,5593,7414,13282,23561,268865,521496,233843,0
14470,11728,13038,31113,13940,14422,11388,28789,14319,17061,15751,2324,3082,340,1650,19725,48,2694,1384,16691,530,2212,902,17173,26198,68539,44151,0
104121,96454,97875,82319,97763,103646,97872,93367,10754,3087,4508,11048,6249,1418,3,15553,475,7192,5771,21327,6358,1309,112,15444,200575,392648,180194,0
38003,39083,37897,36387,40011,39544,39901,24903,13100,14180,12994,11484,1898,818,2004,3514,1541,461,1647,3157,2008,928,2114,3624,77086,144359,74284,0
55998,61200,58074,46582,62272,61249,63532,57416,1418,3784,658,10834,7534,2332,5458,16950,5251,49,3175,14667,6274,1072,4198,15690,117198,244469,104656,0
116482,124705,131464,121138,131096,134964,126435,126567,10085,1862,4897,5429,9953,1730,5029,5297,18482,10259,3500,13826,14614,6391,368,9958,241187,519062,252602,0
71029,66947,61822,68896,68346,64403,62760,79101,8072,12154,17279,10205,8269,4187,938,6136,6626,2544,2581,4493,2683,1399,6524,550,137976,274610,130718,0
58456,61053,59170,64361,58155,61295,54434,57535,921,3518,1635,6826,4022,6619,4736,9927,2839,242,2125,3066,301,2898,1015,6206,119509,231419,123531,0
58860,54658,56867,43004,54212,54427,57527,46287,12573,8371,10580,3283,1333,2869,660,14523,4433,231,2440,11423,4648,446,2655,11208,113518,212453,99871,0
59979,40165,58574,77680,53064,55859,56572,99739,39760,59574,41165,22059,3407,16407,2002,21108,4120,15694,2715,21821,6915,12899,5510,24616,100144,265234,136254,0
44162,47219,47895,30652,49814,48622,47528,36047,8115,11172,11848,5395,3366,309,367,16876,4460,1403,727,17970,5652,2595,1919,19162,91381,182011,78547,0
136126,118382,133841,189876,138849,143569,134820,176184,40058,57802,42343,13692,1306,16438,979,55056,7443,25187,9728,46307,2723,20467,5008,51027,254508,593422,323717,0
38194,37021,32791,25876,37498,34440,35754,20305,17889,16716,12486,5571,2440,1267,2963,9878,3754,2581,1649,8564,696,477,4707,11622,75215,127997,58667,0
28695,30011,26731,32053,27608,29187,28499,19105,9590,10906,7626,12948,196,1512,1768,3554,492,824,2456,2866,1087,2403,877,4445,58706,104399,58784,0
65555,62299,62955,59574,72381,76152,77175,64056,1499,1757,1101,4482,11620,14876,14220,17601,10597,13853,13197,16578,6826,10082,9426,12807,127854,289764,122529,0
63293,61168,56870,61635,54651,56929,53606,62366,927,1198,5496,731,9687,7562,3264,8029,6364,4239,59,4706,8642,6517,2219,6984,124461,227552,118505,0
207085,190787,173686,209505,198951,184084,187359,214394,7309,23607,40708,4889,19726,3428,13673,22146,23001,6703,10398,25421,8134,8164,25265,10554,397872,784788,383191,0
133523,133167,131842,104401,135263,145530,137225,142116,8593,8949,10274,37715,3702,4058,5383,32824,12007,12363,13688,41129,1740,2096,3421,30862,266690,560134,236243,0
23391,23532,21420,14616,23098,21625,20946,7471,15920,16061,13949,7145,2445,2586,474,6330,1766,1907,205,7009,293,434,1678,8482,46923,73140,36036,0
26382,25763,23715,28091,25399,26742,27583,40686,14304,14923,16971,12595,1201,1820,3868,508,360,979,3027,1349,983,364,1684,2692,52145,120410,51806,0
21911,18985,17721,33826,18828,18407,17507,5123,16788,13862,12598,28703,4404,1478,214,16319,3504,578,686,15419,3083,157,1107,14998,40896,59865,51547,0
1696,1492,1410,768,1610,1576,1536,569,1127,923,841,199,160,44,126,768,120,84,166,808,86,118,200,842,3188,5291,2178,0
19152,15380,16526,14890,16821,17354,17913,31712,12560,16332,15186,16822,1239,2533,1387,3023,1798,1974,828,2464,2331,1441,295,1931,34532,83800,31416,0
33802,32011,22847,41968,32089,27564,25984,20077,13725,11934,2770,21891,7818,6027,3137,15984,6238,4447,4717,14404,1713,78,9242,9879,65813,105714,64815,0
68594,96732,82761,117750,98305,104298,101720,97795,29201,1063,15034,19955,33126,4988,18959,16030,35704,7566,21537,13452,29711,1573,15544,19445,165326,402118,200511,0
102789,92435,95308,108030,104844,101126,99201,101638,1151,9203,6330,6392,3588,6766,3893,8829,1663,8691,5818,6904,2055,12409,9536,3186,195224,406809,203338,0
72728,80812,66112,67263,75062,71371,76896,67193,5535,13619,1081,70,4168,3916,10784,9633,1357,9441,5259,4108,2334,5750,8950,7799,153540,290522,133375,0
59728,69047,61229,35050,70051,69642,61333,68755,9027,292,7526,33705,1605,7714,104,26283,9914,595,8413,34592,10323,1004,8822,35001,128775,269781,96279,0
37193,36932,35497,54218,38666,37016,37810,47631,10438,10699,12134,6587,617,878,2313,16408,177,84,1519,17202,1473,1734,3169,15552,74125,161123,89715,0
269945,242164,247866,254713,245919,234470,230737,316695,46750,74531,68829,61982,39208,11427,17129,23976,35475,7694,13396,20243,24026,3755,1947,8794,512109,1027821,502579,0
36771,35852,34532,26800,38536,34126,37753,33451,3320,2401,1081,6651,982,1901,3221,10953,2645,1726,406,7326,1765,2684,4004,11736,72623,143866,61332,0
48351,47330,45252,58458,50365,46733,52328,71184,22833,23854,25932,12726,3977,4998,7076,6130,1618,597,1481,11725,2014,3035,5113,8093,95681,220610,103710,0
121271,107182,88862,113667,103650,101787,102732,129307,8036,22125,40445,15640,18539,4450,13870,10935,19484,5395,12925,11880,17621,3532,14788,10017,228453,437476,202529,0
91981,87556,74414,69821,75702,79819,80736,50366,41615,37190,24048,19455,11245,6820,6322,10915,12162,7737,5405,9998,16279,11854,1288,5881,179537,286623,144235,0
227769,224017,196508,208023,208452,202560,208028,169191,58578,54826,27317,38832,19741,15989,11520,5,25209,21457,6052,5463,19317,15565,11944,429,451786,788231,404531,0
8693,9705,8061,15289,7513,7697,7960,12522,3829,2817,4461,2767,733,1745,101,7329,996,2008,364,7592,1180,2192,548,7776,18398,35692,23350,0
85803,76244,70126,104583,87875,86169,79782,126902,41099,50658,56776,22319,6021,3538,9656,24801,366,9925,16043,18414,2072,11631,17749,16708,162047,380728,174709,0
63368,62907,57417,94418,64487,62572,64179,81969,18601,19062,24552,12449,811,1272,6762,30239,796,335,5155,31846,1119,1580,7070,29931,126275,273207,151835,0
202353,188185,195079,303946,194077,188711,184492,272954,70601,84769,77875,30992,17861,3693,10587,119454,13642,526,6368,115235,8276,5892,1002,109869,390538,840234,499025,0
153841,135735,139990,186533,140439,142909,130726,111694,42147,24041,28296,74839,23115,5009,9264,55807,10932,7174,2919,43624,13402,4704,449,46094,289576,525768,326523,0
107381,84765,88428,115483,90236,89140,80564,90667,16714,5902,2239,24816,26817,4201,7864,34919,18241,4375,712,26343,17145,5471,1808,25247,192146,350607,203911,0
96796,89798,90984,110877,92529,91961,87813,58869,37927,30929,32115,52008,8983,1985,3171,23064,4835,2163,977,18916,4267,2731,1545,18348,186594,331172,201861,0
20250,21251,17986,8522,21753,20421,21797,4163,16087,17088,13823,4359,1547,546,3811,13275,171,830,2435,11899,1503,502,3767,13231,41501,68134,26508,0
87603,86596,84986,133540,88904,97768,90987,91855,4252,5259,6869,41685,3384,4391,6001,42553,10165,11172,12782,35772,1301,2308,3918,44636,174199,369514,218526,0
29755,30681,30706,28975,33372,29857,34505,29266,489,1415,1440,291,4750,3824,3799,5530,102,824,849,882,3617,2691,2666,4397,60436,127000,59681,0
6337,7265,6114,4627,6972,6439,6945,3302,3035,3963,2812,1325,608,320,831,2318,102,826,325,1812,635,293,858,2345,13602,23658,10741,0
211890,234418,205119,207753,222903,204112,210747,277974,66084,43556,72855,70221,1143,23671,5628,2994,7778,30306,1007,3641,11013,11515,17784,15150,446308,915736,412872,0
114496,100112,116769,115837,120000,115746,107888,165310,50814,65198,48541,49473,6608,7776,8881,7949,1250,15634,1023,91,5504,19888,3231,4163,214608,508944,232606,0
93039,81282,84763,118145,88901,88717,82246,118840,25801,37558,34077,695,10793,964,2517,35899,4322,7435,3954,29428,4138,7619,4138,29244,174321,378704,202908,0
80221,91064,75913,88842,90736,87502,96214,141426,61205,50362,65513,52584,15993,5150,20301,7372,7281,3562,11589,1340,10515,328,14823,1894,171285,415878,164755,0
219756,193787,182399,280869,197848,203345,201035,263819,44063,70032,81420,17050,18721,7248,18636,79834,16411,9558,20946,77524,21908,4061,15449,83021,413543,866047,463268,0
84934,67948,65941,72887,71503,70774,64962,77690,7244,9742,11749,4803,19972,2986,979,7925,14160,2826,4833,2113,13431,3555,5562,1384,152882,284929,138828,0
51587,57064,53655,77525,56858,55985,59991,47082,4505,9982,6573,30443,8404,2927,6336,17534,4398,1079,2330,21540,5271,206,3203,20667,108651,219916,131180,0
84998,83952,80008,77034,85588,79157,83077,90347,5349,6395,10339,13313,1921,875,3069,6043,5841,4795,851,2123,590,1636,5580,8554,168950,338169,157042,0
46054,39024,37056,46346,38195,39640,38545,43157,2897,4133,6101,3189,7509,479,1489,7801,6414,616,2584,6706,7859,829,1139,8151,85078,159537,83402,0
130292,111248,106406,158519,119561,113584,114971,142619,12327,31371,36213,15900,15321,3723,8565,43548,16708,2336,7178,44935,10731,8313,13155,38958,241540,490735,264925,0
46503,42494,34153,52992,37636,36769,40747,85919,39416,43425,51766,32927,5756,1747,6594,12245,9734,5725,2616,16223,8867,4858,3483,15356,88997,201071,87145,0
118239,88610,100631,150800,101202,103331,96835,130330,12091,41720,29699,20470,21404,8225,3796,53965,14908,14721,2700,47469,17037,12592,571,49598,206849,431698,251431,0
156869,126994,129766,169069,138853,136558,142946,187968,31099,60974,58202,18899,13923,15952,13180,26123,20311,9564,6792,32511,18016,11859,9087,30216,283863,606325,298835,0
51758,51928,50917,50131,53948,51057,56260,83987,32229,32059,33070,33856,4502,4332,5343,6129,701,871,140,926,2190,2020,3031,3817,103686,245252,101048,0
123470,108723,105893,136585,110705,110641,106327,150329,26859,41606,44436,13744,17143,2396,434,30258,12829,1918,4748,25944,12765,1982,4812,25880,232193,478002,242478,0
33246,33213,30834,31113,34496,32792,35976,21533,11713,11680,9301,9580,2730,2763,5142,4863,454,421,1958,1679,1250,1283,3662,3383,66459,124797,61947,0
138049,136890,131206,100517,130855,133948,137153,107094,30955,29796,24112,6577,896,263,5947,36636,4101,2942,2742,33431,7194,6035,351,30338,274939,509050,231723,0
105409,103848,94708,117421,106615,99366,107339,89886,15523,13962,4822,27535,1930,3491,12631,10082,6043,4482,4658,18055,1206,2767,11907,10806,209257,403206,212129,0
78746,76660,73346,118735,74324,70963,64254,109234,30488,32574,35888,9501,14492,12406,9092,54481,7783,5697,2383,47772,4422,2336,978,44411,155406,318775,192081,0
70651,67656,62277,89653,65702,61592,69014,112646,41995,44990,50369,22993,1637,1358,6737,20639,9059,6064,685,28061,4949,1954,3425,23951,138307,308954,151930,0
64093,51365,54035,85681,61396,55346,56011,69550,5457,18185,15515,16131,8082,4646,1976,29670,8747,3981,1311,30335,2697,10031,7361,24285,115458,242303,139716,0
106389,107732,99775,136971,104007,106253,97165,85218,21171,22514,14557,51753,9224,10567,2610,39806,136,1479,6478,30718,2382,3725,4232,32964,214121,392643,236746,0
104606,104034,93328,142232,105611,98802,106753,175077,70471,71043,81749,32845,2147,2719,13425,35479,5804,5232,5474,43430,1005,1577,12283,36621,208640,486243,235560,0
28376,34019,29864,37011,30994,35368,30444,11470,16906,22549,18394,25541,2068,3575,580,6567,6992,1349,5504,1643,2618,3025,1130,6017,62395,108276,66875,0
34104,29794,28596,42586,28157,28813,27997,63887,29783,34093,35291,21301,6107,1797,599,14589,5291,981,217,13773,5947,1637,439,14429,63898,148854,71182,0
40620,38386,36174,32859,36041,35593,34144,57856,17236,19470,21682,24997,6476,4242,2030,1285,5027,2793,581,2734,4579,2345,133,3182,79006,163634,69033,0
87763,84634,82384,103061,89983,89676,89944,97291,9528,12657,14907,5770,2181,5310,7560,13117,1913,5042,7292,13385,2220,5349,7599,13078,172397,366894,185445,0
32644,31157,31137,40053,30822,31771,28549,30213,2431,944,924,9840,4095,2608,2588,11504,873,614,634,8282,1822,335,315,9231,63801,121355,71190,0
40296,37306,36915,28194,42098,40809,41493,62985,22689,25679,26070,34791,1197,4187,4578,13299,513,3503,3894,12615,1802,4792,5183,13904,77602,187385,65109,0
177484,155406,149436,223712,163900,160770,151760,160796,16688,5390,11360,62916,25724,3646,2324,71952,16714,5364,11334,62942,13584,8494,14464,59812,332890,637226,373148,0
67922,69853,66295,64906,77938,74829,79601,87714,19792,17861,21419,22808,11679,9748,13306,14695,6907,4976,8534,9923,10016,8085,11643,13032,137775,320082,131201,0
80773,84923,84208,103373,86162,85360,84066,141651,60878,56728,57443,38278,3293,857,142,19307,4587,437,1152,18013,5389,1239,1954,17211,165696,397239,187581,0
52177,38710,44737,65703,46780,47259,49367,39877,12300,1167,4860,25826,2810,10657,4630,16336,4918,8549,2522,18444,5397,8070,2043,18923,90887,183283,110440,0
99660,108833,98874,115199,96828,93939,96577,200569,100909,91736,101695,85370,3083,12256,2297,18622,5721,14894,4935,21260,2832,12005,2046,18371,208493,487913,214073,0
84772,87745,88298,95001,88008,87863,92554,108174,23402,20429,19876,13173,7782,4809,4256,2447,3091,118,435,7138,3236,263,290,6993,172517,376599,183299,0
2713,2358,2205,1509,2273,2235,2151,1011,1702,1347,1194,498,562,207,54,642,478,123,30,726,440,85,68,764,5071,7670,3714,0
111950,111541,109651,107361,115815,116884,112172,116518,4568,4977,6867,9157,222,631,2521,4811,4934,5343,7233,9523,3865,4274,6164,8454,223491,461389,217012,0
13917,16487,17075,17398,16846,14885,16145,15869,1952,618,1206,1529,2228,342,930,1253,968,1602,2190,2513,2929,359,229,552,30404,63745,34473,0
38984,39645,37052,57681,36691,36155,38345,47419,8435,7774,10367,10262,639,1300,1293,19336,2829,3490,897,21526,2293,2954,361,20990,78629,158610,94733,0
53203,50625,46694,54931,49278,49792,45907,30765,22438,19860,15929,24166,7296,4718,787,9024,3411,833,3098,5139,3925,1347,2584,5653,103828,175742,101625,0
97815,86396,95088,98587,94700,93301,96927,88508,9307,2112,6580,10079,888,10531,1839,1660,4514,6905,1787,5286,3115,8304,388,3887,184211,373436,193675,0
16606,13476,14027,18976,13645,12354,11540,19152,2546,5676,5125,176,5066,1936,2487,7436,4252,1122,1673,6622,2961,169,382,5331,30082,56691,33003,0
68055,65743,62703,59608,69886,65308,74826,73895,5840,8152,11192,14287,6771,9083,12123,15218,2747,435,2605,5700,1831,4143,7183,10278,133798,283915,122311,0
29860,28888,31841,24097,33280,34496,27322,17104,12756,11784,14737,6993,2538,1566,4519,3225,4636,5608,2655,10399,3420,4392,1439,9183,58748,112202,55938,0
74232,83684,87062,103765,98378,97421,98643,140790,66558,57106,53728,37025,24411,14959,11581,5122,23189,13737,10359,6344,24146,14694,11316,5387,157916,435232,190827,0
33275,31876,29842,29822,33160,30970,31649,24725,8550,7151,5117,5097,1626,227,1807,1827,2305,906,1128,1148,115,1284,3318,3338,65151,120504,59664,0
16397,16034,14056,22855,15137,14708,17379,36798,20401,20764,22742,13943,982,1345,3323,5476,1689,1326,652,8147,1260,897,1081,7718,32431,84022,36911,0
84334,80785,83338,105739,84575,81303,77785,152956,68622,72171,69618,47217,6549,3000,5553,27954,3031,518,2035,24436,241,3790,1237,21164,165119,396619,189077,0
179827,157271,159195,208442,162928,165910,152123,145599,34228,11672,13596,62843,27704,5148,7072,56319,13917,8639,6715,42532,16899,5657,3733,45514,337098,626560,367637,0
40967,42872,41084,40709,39896,41992,40981,45480,4513,2608,4396,4771,14,1891,103,272,1025,880,908,1283,1071,2976,1188,813,83839,168349,81793,0
38125,43215,39237,32950,43654,41510,47138,35929,2196,7286,3308,2979,9013,3923,7901,14188,3385,1705,2273,8560,5529,439,4417,10704,81340,168231,72187,0
114260,90021,93773,145470,96783,100566,91534,117395,3135,27374,23622,28075,22726,1513,2239,53936,13694,10545,6793,44904,17477,6762,3010,48687,204281,406278,239243,0
62572,61529,59765,56622,64869,65288,72735,80814,18242,19285,21049,24192,10163,11206,12970,16113,2716,3759,5523,8666,2297,3340,5104,8247,124101,283706,116387,0
35930,42767,37563,75850,39897,42257,44462,66640,30710,23873,29077,9210,8532,1695,6899,31388,6327,510,4694,33593,3967,2870,2334,35953,78697,193256,113413,0
92156,92019,92662,77317,100659,96760,103335,71908,20248,20111,20754,5409,11179,11316,10673,26018,4604,4741,4098,19443,8503,8640,7997,23342,184175,372662,169979,0
87990,84634,84289,89699,89983,91300,81614,140629,52639,55995,56340,50930,6376,3020,2675,8085,3310,6666,7011,1601,1993,5349,5694,284,172624,403526,173988,0
36163,30970,30638,36753,29329,29682,29045,47040,10877,16070,16402,10287,7118,1925,1593,7708,6481,1288,956,7071,6834,1641,1309,7424,67133,135096,67391,0
21287,22695,17994,14673,22761,19691,21475,4820,16467,17875,13174,9853,188,1220,3481,6802,1596,3004,1697,5018,1474,66,4767,8088,43982,68747,32667,0
116957,104071,116885,143870,114618,115243,105928,150593,33636,46522,33708,6723,11029,1857,10957,37942,1714,11172,1642,28627,2339,10547,2267,29252,221028,486382,260755,0
25828,26741,23210,25379,25200,23258,25717,56446,30618,29705,33236,31067,111,1024,2507,338,2570,3483,48,2121,628,1541,1990,179,52569,130621,48589,0
69068,67989,70292,77992,69794,69696,73981,86241,17173,18252,15949,8249,4913,5992,3689,4011,628,1707,596,8296,726,1805,498,8198,137057,299712,148284,0
4570,4716,4086,2042,4838,4450,4828,964,3606,3752,3122,1078,258,112,742,2786,120,266,364,2408,268,122,752,2796,9286,15080,6128,0
106613,87329,88149,121158,91462,97310,88195,78490,28123,8839,9659,42668,18418,866,46,32963,9303,9981,9161,23848,15151,4133,3313,29696,193942,355457,209307,0
10975,11394,11479,6837,11306,11436,12013,15391,4416,3997,3912,8554,1038,619,534,5176,461,42,43,4599,331,88,173,4469,22369,50146,18316,0
140107,146596,141789,131151,162175,157954,164257,159863,19756,13267,18074,28712,24150,17661,22468,33106,17847,11358,16165,26803,22068,15579,20386,31024,286703,644249,272940,0
76777,68939,63313,44973,71981,72147,74748,138724,61947,69785,75411,93751,2029,5809,11435,29775,4630,3208,8834,27174,4796,3042,8668,27008,145716,357600,108286,0
112386,108917,103069,92071,113778,99664,107264,106451,5935,2466,3382,14380,5122,1653,4195,15193,12722,9253,3405,7593,1392,4861,10709,21707,221303,427157,195140,0
84382,77325,75143,81822,80868,81070,84235,103303,18921,25978,28160,21481,147,6910,9092,2413,3312,3745,5927,752,3514,3543,5725,954,161707,349476,156965,0
79930,85032,77127,68906,88533,83741,90926,89025,9095,3993,11898,20119,10996,5894,13799,22020,3811,1291,6614,14835,8603,3501,11406,19627,164962,352225,146033,0
111980,104159,93778,134825,96590,98666,100416,146644,34664,42485,52866,11819,11564,3743,6638,34409,13314,5493,4888,36159,15390,7569,2812,38235,216139,442316,228603,0
97341,86741,84239,78075,89597,93440,83940,91410,5931,4669,7171,13335,13401,2801,299,5865,3901,6699,9201,15365,7744,2856,5358,11522,184082,358387,162314,0
103847,100460,97382,97185,107776,100591,107840,117830,13983,17370,20448,20645,3993,7380,10458,10655,3256,131,3209,3406,3929,7316,10394,10591,204307,434037,194567,0
153938,134283,124278,133824,140590,143631,133295,96957,56981,37326,27321,36867,20643,988,9017,529,10307,9348,19353,9807,13348,6307,16312,6766,288221,514473,258102,0
10486,9491,8662,10673,14272,12854,14947,7370,3116,2121,1292,3303,4461,5456,6285,4274,2368,3363,4192,2181,3786,4781,5610,3599,19977,49443,19335,0
58177,51134,46565,70880,48095,54995,50826,46272,11905,4862,293,24608,7351,308,4261,20054,3182,3861,8430,15885,10082,3039,1530,22785,109311,200188,117445,0
60368,56861,56593,38545,59752,59797,57867,40987,19381,15874,15606,2442,2501,1006,1274,19322,571,2936,3204,21252,616,2891,3159,21207,117229,218403,95138,0
137416,127497,125903,152292,132729,124696,121713,133876,3540,6379,7973,18416,15703,5784,4190,30579,12720,2801,1207,27596,4687,5232,6826,19563,264913,513014,278195,0
143693,121399,137034,117619,127353,132199,114315,236922,93229,115523,99888,119303,29378,7084,22719,3304,11494,10800,4835,14580,16340,5954,9681,9734,265092,610789,254653,0
118827,115085,116714,112951,122500,119339,127144,151280,32453,36195,34566,38329,8317,12059,10430,14193,512,4254,2625,6388,3673,7415,5786,9549,233912,520263,229665,0
73937,72978,67764,49691,71627,68036,72020,34220,39717,38758,33544,15471,1917,958,4256,22329,5901,4942,272,18345,2310,1351,3863,21936,146915,245903,117455,0
50013,37103,45516,51866,49706,46106,39653,63767,13754,26664,18251,11901,10360,2550,5863,12213,3907,9003,590,5760,307,12603,4190,2160,87116,199232,97382,0
79311,73852,63990,121248,67431,68090,61342,124746,45435,50894,60756,3498,17969,12510,2648,59906,11221,5762,4100,53158,11880,6421,3441,53817,153163,321609,185238,0
73047,73645,77307,58973,77491,76995,79862,54577,18470,19068,22730,4396,6815,6217,2555,20889,3948,3350,312,18022,4444,3846,184,18518,146692,288925,136280,0
214773,178411,180301,190559,189560,194587,194301,208585,6188,30174,28284,18026,20472,15890,14000,3742,20186,16176,14286,4028,25213,11149,9259,999,393184,787033,370860,0
47477,45768,46204,48989,50112,50747,54726,41472,6005,4296,4732,7517,7249,8958,8522,5737,3270,4979,4543,1758,2635,4344,3908,1123,93245,197057,95193,0
81413,78915,72786,91586,75922,75102,72675,115949,34536,37034,43163,24363,8738,6240,111,18911,6311,3813,2316,16484,5491,2993,3136,15664,160328,339648,164372,0
125970,125638,122760,120285,118946,123040,123605,164374,38404,38736,41614,44089,2365,2033,845,3320,2930,2598,280,2755,7024,6692,3814,1339,251608,529965,243045,0
128036,125404,126930,149222,124094,128472,125402,163647,35611,38243,36717,14425,2634,2,1528,23820,436,3068,1542,20750,3942,1310,2836,25128,253440,541615,276152,0
175193,171449,164158,187463,172835,171306,163888,198455,23262,27006,34297,10992,11305,7561,270,23575,3887,143,7148,16157,2358,1386,8677,14628,346642,706484,351621,0
121725,120103,108414,132604,115082,112712,108163,113833,7892,6270,5419,18771,13562,11940,251,24441,9013,7391,4298,19892,6643,5021,6668,17522,241828,449790,241018,0
165868,131663,144321,240795,148588,153228,154125,213738,47870,82075,69417,27057,11743,22462,9804,86670,12640,21565,8907,87567,17280,16925,4267,92207,297531,669679,385116,0
148950,131854,127484,183541,133815,129573,123375,220794,71844,88940,93310,37253,25575,8479,4109,60166,19377,2281,2089,53968,15135,1961,6331,49726,280804,607557,311025,0
14821,15700,15746,12143,15010,13368,16209,21344,6523,5644,5598,9201,1388,509,463,4066,1453,2332,2378,1225,189,690,736,2867,30521,65931,27889,0
156459,150098,150247,190972,150585,159848,147991,152712,3747,2614,2465,38260,8468,2107,2256,42981,3389,9750,9601,31124,5874,487,338,40387,306557,611136,341219,0
27971,26858,25501,23114,26456,23905,28816,34267,6296,7409,8766,11153,845,1958,3315,5702,4066,2953,1596,791,1515,402,955,3342,54829,113444,48615,0
9502,7103,10028,18383,10935,9616,10176,17692,8190,10589,7664,691,674,3073,148,8207,114,2513,412,8767,1433,3832,907,7448,16605,48419,28411,0
29948,30562,23554,40862,29642,28631,29661,53178,23230,22616,29624,12316,287,901,6107,11201,1317,1931,5077,12231,306,920,6088,11220,60510,141112,64416,0
69573,68890,79506,32464,81736,76015,82238,153275,83702,84385,73769,120811,12665,13348,2732,49774,6442,7125,3491,43551,12163,12846,2230,49272,138463,393264,111970,0
128737,118435,120495,99288,136602,123069,147994,150809,22072,32374,30314,51521,19257,29559,27499,48706,5668,4634,2574,23781,7865,18167,16107,37314,247172,558474,219783,0
94206,94601,92199,60939,98624,94977,98654,85863,8343,8738,6336,24924,4448,4053,6455,37715,771,376,2778,34038,4418,4023,6425,37685,188807,378118,153138,0
27802,24894,24746,17332,27654,24214,27828,35441,7639,10547,10695,18109,26,2934,3082,10496,3588,680,532,6882,148,2760,2908,10322,52696,115137,42078,0
68715,65900,58606,43901,72594,72178,73470,77262,8547,11362,18656,33361,4755,7570,14864,29569,3463,6278,13572,28277,3879,6694,13988,28693,134615,295504,102507,0
45606,45137,45855,70000,45988,45047,43296,61891,16285,16754,16036,8109,2310,1841,2559,26704,559,90,808,24953,382,851,133,24012,90743,196222,115855,0
1968,1913,1822,1252,1931,1970,2055,1038,930,875,784,214,87,142,233,803,2,57,148,718,37,18,109,679,3881,6994,3074,0
38440,36716,38995,32141,39499,37114,35422,20542,17898,16174,18453,11599,3018,1294,3573,3281,1326,398,1881,4973,1059,2783,504,7358,75156,132577,71136,0
116066,106914,91220,98369,107122,104987,105242,76994,39072,29920,14226,21375,10824,1672,14022,6873,11079,1927,13767,6618,8944,208,15902,8753,222980,394345,189589,0
62260,69885,63023,56611,63429,66720,66392,75479,13219,5594,12456,18868,4132,3493,3369,9781,4460,3165,3697,10109,1169,6456,406,6818,132145,272020,119634,0
206950,171266,155438,147087,173309,169123,167851,224860,17910,53594,69422,77773,39099,3415,12413,20764,37827,2143,13685,22036,33641,2043,17871,26222,378216,735143,302525,0
22985,25796,25165,23881,25991,25262,26495,18450,4535,7346,6715,5431,3510,699,1330,2614,2277,534,97,1381,3006,195,826,2110,48781,96198,49046,0
140977,148212,139815,103618,149105,146031,142227,141045,68,7167,1230,37427,1250,5985,2412,38609,5054,2181,6216,42413,8128,893,9290,45487,289189,578408,243433,0
116334,121437,106309,163095,122559,109509,111063,165848,49514,44411,59539,2753,5271,10374,4754,52032,6825,11928,3200,53586,6225,1122,16250,40536,237771,508979,269404,0
162816,175027,162105,202638,180681,177644,172765,262715,99899,87688,100610,60077,9949,2262,10660,29873,14828,2617,15539,24994,17865,5654,18576,21957,337843,793805,364743,0
79374,84507,79185,89290,82484,81732,84366,70105,9269,14402,9080,19185,4992,141,5181,4924,2358,2775,2547,7558,3110,2023,3299,6806,163881,318687,168475,0
46458,48583,46545,42880,51781,50108,50513,72908,26450,24325,26363,30028,4055,1930,3968,7633,3650,1525,3563,7228,5323,3198,5236,8901,95041,225310,89425,0
72692,63887,65833,79156,66920,66832,62302,101245,28553,37358,35412,22089,10390,1585,3531,16854,5860,2945,999,12324,5772,3033,1087,12236,136579,297299,144989,0
1968,1913,1822,1252,1931,1970,2055,1038,930,875,784,214,87,142,233,803,2,57,148,718,37,18,109,679,3881,6994,3074,0
179247,162635,150574,189744,166332,166597,179893,217841,38594,55206,67267,28097,646,17258,29319,9851,12650,3962,16023,23147,12915,3697,15758,23412,341882,730663,340318,0
65577,66113,65868,79390,69659,69801,65645,92832,27255,26719,26964,13442,68,468,223,13745,4224,3688,3933,9589,4082,3546,3791,9731,131690,297937,145258,0
93579,90891,88711,106316,94051,91483,91785,118030,24451,27139,29319,11714,1794,894,3074,14531,2096,592,2772,14833,472,3160,5340,12265,184470,395349,195027,0
36240,36809,31287,36270,38300,36246,33535,50905,14665,14096,19618,14635,2705,3274,2248,2735,6,563,4959,24,2060,1491,7013,2030,73049,158986,67557,0
248082,224359,214392,212992,241787,247886,213199,278897,30815,54538,64505,65905,34883,11160,1193,207,196,23527,33494,34894,6295,17428,27395,28795,472441,981769,427384,0
88900,80291,74063,78752,84143,83754,83402,125309,36409,45018,51246,46557,5498,3111,9339,4650,5146,3463,9691,5002,4757,3852,10080,5391,169191,376608,152815,0
56848,60624,54900,72046,56188,54427,57071,89507,32659,28883,34607,17461,223,3553,2171,14975,2421,6197,473,17619,660,4436,1288,15858,117472,257193,126946,0
113503,112152,106680,146536,108100,99605,104863,145893,32390,33741,39213,643,8640,7289,1817,41673,13898,12547,7075,46931,5403,4052,1420,38436,225655,458461,253216,0
62040,49987,52004,83177,57094,53961,54502,70657,8617,20670,18653,12520,7538,4515,2498,28675,8079,3974,1957,29216,4946,7107,5090,26083,112027,236214,135181,0
70170,65019,63151,65438,72128,71711,71981,54352,15818,10667,8799,11086,1811,6962,8830,6543,1541,6692,8560,6273,1958,7109,8977,6690,135189,270172,128589,0
27361,28720,23053,14430,29016,28877,29610,17613,9748,11107,5440,3183,2249,890,6557,15180,1516,157,5824,14447,1655,296,5963,14586,56081,105116,37483,0
37489,34776,29438,26240,36553,35140,31537,31301,6188,3475,1863,5061,5952,3239,2099,5297,2349,364,5702,8900,936,1777,7115,10313,72265,134531,55678,0
39465,41406,37626,60331,41864,37133,37915,36948,2517,4458,678,23383,1550,3491,289,22416,2332,4273,493,23198,2399,458,4238,18467,80871,153860,97957,0
157819,134952,131919,219412,148828,141138,148925,189225,31406,54273,57306,30187,8894,13973,17006,70487,16681,6186,9219,78274,8991,13876,16909,70584,292771,628116,351331,0
122455,112468,115721,113719,117392,115143,115222,135331,12876,22863,19610,21612,7233,2754,499,1503,7312,2675,578,1424,5063,4924,1671,3673,234923,483088,229440,0
76589,73013,72345,73996,76804,81275,81087,122490,45901,49477,50145,48494,4498,8074,8742,7091,4686,8262,8930,7279,215,3791,4459,2808,149602,361656,146341,0
119836,111685,83103,95290,105747,102707,93109,97561,22275,14124,14458,2271,26727,18576,10006,2181,17129,8978,19604,7417,14089,5938,22644,10457,231521,399124,178393,0
147257,137072,133700,158993,145653,147734,145986,168585,21328,31513,34885,9592,1271,8914,12286,13007,477,10662,14034,11259,1604,8581,11953,13340,284329,607958,292693,0
186954,190740,168157,209956,181349,168952,172784,235694,48740,44954,67537,25738,14170,17956,4627,37172,18002,21788,795,41004,5605,9391,13192,28607,377694,758779,378113,0
58505,51886,44944,33080,48975,50008,41286,26658,31847,25228,18286,6422,17219,10600,3658,8206,8497,1878,5064,16928,9530,2911,4031,15895,110391,166927,78024,0
32789,33660,30633,29582,36850,36805,38053,19026,13763,14634,11607,10556,5264,4393,7420,8471,4016,3145,6172,7223,4061,3190,6217,7268,66449,130734,60215,0
27606,24345,21146,16267,19492,20326,17702,31935,4329,7590,10789,15668,9904,6643,3444,1435,7280,4019,820,4059,8114,4853,1654,3225,51951,89455,37413,0
59446,72530,65289,68965,66664,64699,66440,90580,31134,18050,25291,21615,6994,6090,1151,2525,5253,7831,590,4266,7218,5866,1375,2301,131976,288383,134254,0
44180,48763,46431,35172,48631,39250,46373,45486,1306,3277,945,10314,2193,2390,58,11201,4930,9513,7181,4078,4451,132,2200,13459,92943,179740,81603,0
119336,122858,108015,106084,120095,114212,111304,127428,8092,4570,19413,21344,8032,11554,3289,5220,5124,8646,6197,8128,759,2763,12080,14011,242194,473039,214099,0
36994,35875,34489,39979,35284,34966,36239,51881,14887,16006,17392,11902,755,364,1750,3740,2028,909,477,5013,1710,591,795,4695,72869,158370,74468,0
103387,98650,97745,98719,100170,106604,98304,136140,32753,37490,38395,37421,5083,346,559,415,3217,7954,8859,7885,3217,1520,2425,1451,202037,441218,196464,0
84776,101375,97383,76444,122100,117580,108887,97664,12888,3711,281,21220,24111,7512,11504,32443,32804,16205,20197,41136,37324,20725,24717,45656,186151,446231,173827,0
38165,42455,38873,37030,41424,41080,43726,49976,11811,7521,11103,12946,5561,1271,4853,6696,2915,1375,2207,4050,3259,1031,2551,4394,80620,176206,75903,0
148036,141513,127511,159787,120835,135155,126162,233694,85658,92181,106183,73907,21874,15351,1349,33625,12881,6358,7644,24632,27201,20678,6676,38952,289549,615846,287298,0
135062,117294,119906,151538,113001,113954,108245,164342,29280,47048,44436,12804,26817,9049,11661,43293,21108,3340,5952,37584,22061,4293,6905,38537,252356,499542,271444,0
62600,54070,56849,70954,53770,60984,55019,49357,13243,4713,7492,21597,7581,949,1830,15935,1616,6914,4135,9970,8830,300,3079,17184,116670,219130,127803,0
50013,51099,49171,37957,50524,50414,55147,72502,22489,21403,23331,34545,5134,4048,5976,17190,401,685,1243,12457,511,575,1353,12567,101112,228587,87128,0
84152,82166,78212,98445,80719,81610,70569,70052,14100,12114,8160,28393,13583,11597,7643,27876,2542,556,3398,16835,3433,1447,2507,17726,166318,302950,176657,0
71859,72607,69356,92337,75091,73007,72444,133175,61316,60568,63819,40838,585,163,3088,19893,1148,400,3651,19330,3232,2484,5735,17246,144466,353717,161693,0
141982,151240,135952,161866,145964,142191,143455,199048,57066,47808,63096,37182,1473,7785,7503,18411,209,9049,6239,19675,3982,5276,10012,15902,293222,630658,297818,0
125316,117447,111127,218939,117922,116258,117933,197958,72642,80511,86831,20981,7383,486,6806,101006,9058,1189,5131,102681,7394,475,6795,101017,242763,550071,330066,0
68137,64080,66246,93495,66579,66490,61880,71418,3281,7338,5172,22077,6257,2200,4366,31615,1647,2410,244,27005,1558,2499,333,26916,132217,266367,159741,0
107503,110104,102457,124188,114479,107723,106627,130911,23408,20807,28454,6723,876,3477,4170,17561,220,2381,5266,16465,6976,4375,12022,9709,217607,459740,226645,0
1968,1913,1822,1252,1931,1970,2055,1038,930,875,784,214,87,142,233,803,2,57,148,718,37,18,109,679,3881,6994,3074,0
14578,16378,11265,12483,10959,9736,11016,17036,2458,658,5771,4553,3562,5362,249,1467,4842,6642,1529,2747,3619,5419,306,1524,30956,48747,23748,0
161821,158941,154131,170617,148528,153579,147193,209220,47399,50279,55089,38603,14628,11748,6938,23424,8242,5362,552,17038,13293,10413,5603,22089,320762,658520,324748,0
26852,32646,26695,18765,32008,31960,31992,68436,41584,35790,41741,49671,5140,654,5297,13227,5108,686,5265,13195,5156,638,5313,13243,59498,164396,45460,0
9686,8723,9752,5142,10442,10022,11029,4311,5375,4412,5441,831,1343,2306,1277,5887,336,1299,270,4880,756,1719,690,5300,18409,35804,14894,0
170128,172176,165620,292094,157955,169684,157922,178718,8590,6542,13098,113376,12206,14254,7698,134172,444,2492,4064,122410,12173,14221,7665,134139,342304,664279,457714,0
117983,99174,124293,144437,120358,118048,117391,130179,12196,31005,5886,14258,592,18217,6902,27046,65,18874,6245,26389,2375,21184,3935,24079,217157,485976,268730,0
1968,1913,1822,1252,1931,1970,2055,1038,930,875,784,214,87,142,233,803,2,57,148,718,37,18,109,679,3881,6994,3074,0
59071,63040,58308,70001,59313,54489,58656,46016,13055,17024,12292,23985,415,4384,348,11345,4582,8551,3819,15512,242,3727,1005,10688,122111,218474,128309,0
75120,77128,73301,79167,80501,85595,77803,88249,13129,11121,14948,9082,2683,675,4502,1364,10475,8467,12294,6428,5381,3373,7200,1334,152248,332148,152468,0
64902,64095,68100,88577,71258,75197,65839,105570,40668,41475,37470,16993,937,1744,2261,22738,10295,11102,7097,13380,6356,7163,3158,17319,128997,317864,156677,0
116247,122336,105212,151026,121883,110803,119356,145682,29435,23346,40470,5344,3109,2980,14144,31670,5444,11533,5591,40223,5636,453,16671,29143,238583,497724,256238,0
183513,168141,159028,184080,172143,168075,180963,283904,100391,115763,124876,99824,2550,12822,21935,3117,15438,66,9047,16005,11370,4002,13115,11937,351654,805085,343108,0
83763,86968,87242,117827,79963,82438,80394,108068,24305,21100,20826,9759,3369,6574,6848,37433,1325,4530,4804,35389,3800,7005,7279,37864,170731,350863,205069,0
121007,123411,116374,109492,126068,126547,123997,136729,15722,13318,20355,27237,2990,586,7623,14505,5540,3136,10173,17055,5061,2657,9694,16576,244418,513341,225866,0
67220,68257,50560,69597,61954,57136,69709,53076,14144,15181,2516,16521,2489,1452,19149,112,10084,11121,6576,12461,5266,6303,11394,7643,135477,241875,120157,0
111694,107646,108324,101175,115821,121799,113108,190535,78841,82889,82211,89360,1414,5462,4784,11933,10105,14153,13475,20624,4127,8175,7497,14646,219340,541263,209499,0
17685,17526,14360,12230,14974,14503,14757,33665,15980,16139,19305,21435,2928,2769,397,2527,3182,3023,143,2273,2711,2552,614,2744,35211,77899,26590,0
76928,73343,65684,61448,72319,66117,73231,79712,2784,6369,14028,18264,3697,112,7547,11783,10811,7226,433,4669,4609,1024,6635,10871,150271,291379,127132,0
29836,31598,31472,34995,41419,41444,44010,56711,26875,25113,25239,21716,14174,12412,12538,9015,11608,9846,9972,6449,11583,9821,9947,6424,61434,183584,66467,0
24329,24157,24474,37314,27226,25463,27241,19617,4712,4540,4857,17697,2912,3084,2767,10073,1134,1306,989,11851,2897,3069,2752,10088,48486,99547,61788,0
25790,26474,23631,30821,25240,26267,24796,9023,16767,17451,14608,21798,994,1678,1165,6025,477,207,2636,4554,550,1234,1609,5581,52264,85326,54452,0
94574,92260,88174,74625,91295,93154,93787,110958,16384,18698,22784,36333,787,1527,5613,19162,1420,894,4980,18529,3279,965,3121,16670,186834,389194,162799,0
38478,36206,35809,23721,36118,36696,35826,48982,10504,12776,13173,25261,2652,380,17,12105,1782,490,887,12975,2360,88,309,12397,74684,157622,59530,0
31382,27187,29107,26392,23657,23798,24021,39797,8415,12610,10690,13405,7361,3166,5086,2371,7584,3389,5309,2594,7725,3530,5450,2735,58569,111273,55499,0
9476,9293,9511,9713,9635,8970,7802,2945,6531,6348,6566,6768,1674,1491,1709,1911,506,323,541,743,159,342,124,78,18769,29352,19224,0
51156,43689,52778,68261,49830,56112,52255,60505,9349,16816,7727,7756,1099,8566,523,16006,4956,12423,3334,12149,1326,6141,2948,18431,94845,218702,121039,0
78987,86762,75724,73714,79898,77752,81701,75053,3934,11709,671,1339,2714,5061,5977,7987,1235,9010,2028,4038,911,6864,4174,6184,165749,314404,149438,0
84144,76698,70781,82972,80937,70762,79473,163929,79785,87231,93148,80957,4671,2775,8692,3499,13382,5936,19,12210,3207,4239,10156,2035,160842,395101,153753,0
27353,28157,26495,18023,25982,26257,28602,55528,28175,27371,29033,37505,1249,445,2107,10579,1096,1900,238,8234,1371,2175,513,7959,55510,136369,44518,0
7193,6902,6422,4810,7432,5844,9225,18018,10825,11116,11596,13208,2032,2323,2803,4415,1349,1058,578,1034,239,530,1010,2622,14095,40519,11232,0
127931,130341,131283,182636,138120,132899,142763,203579,75648,73238,72296,20943,14832,12422,11480,39873,4968,2558,1616,49737,10189,7779,6837,44516,258272,617361,313919,0
99351,88846,74754,95569,79501,80804,81874,166351,67000,77505,91597,70782,17477,6972,7120,13695,18547,8042,6050,14765,19850,9345,4747,16068,188197,408530,170323,0
14895,15712,14058,13682,11608,15112,14109,22455,7560,6743,8397,8773,786,1603,51,427,217,600,1054,1430,3287,4104,2450,2074,30607,63284,27740,0
73578,74557,74996,86334,86291,89875,91373,93232,19654,18675,18236,6898,17795,16816,16377,5039,16297,15318,14879,3541,12713,11734,11295,43,148135,360771,161330,0
71646,61002,61684,88938,69942,66834,64242,75307,3661,14305,13623,13631,7404,3240,2558,24696,4812,5832,5150,22104,1704,8940,8258,18996,132648,276325,150622,0
76288,77301,81094,62184,78321,79770,81518,81423,5135,4122,329,19239,5230,4217,424,19334,3482,2469,1324,17586,2033,1020,2773,16137,153589,321032,143278,0
35656,36629,37060,26482,37575,36838,39072,51720,16064,15091,14660,25238,3416,2443,2012,12590,1182,209,222,10356,1919,946,515,11093,72285,165205,63542,0
39973,38823,41565,26381,41846,43407,43605,41165,1192,2342,400,14784,3632,4782,2040,17224,3434,4584,1842,17026,1873,3023,281,15465,78796,170023,67946,0
124391,120278,110982,123286,122438,123580,120503,103390,21001,16888,7592,19896,3888,225,9521,2783,811,3302,12598,294,1953,2160,11456,848,244669,469911,234268,0
86988,75933,82361,123892,105570,82525,103185,176238,89250,100305,93877,52346,16197,27252,20824,20707,4463,6592,164,41367,18582,29637,23209,18322,162921,467518,206253,0
93229,85720,82372,112071,85339,88389,77266,164352,71123,78632,81980,52281,15963,8454,5106,34805,4840,2669,6017,23682,7890,381,2967,26732,178949,415346,194443,0
148576,146254,141681,142652,155183,151934,152315,112827,35749,33427,28854,29825,3739,6061,10634,9663,3358,5680,10253,9282,6607,8929,13502,12531,294830,572259,284333,0
52938,47242,34960,60560,44515,38719,44182,27581,25357,19661,7379,32979,8756,3060,9222,16378,14219,8523,3759,21841,8423,2727,9555,16045,100180,154997,95520,0
23761,18239,25247,25877,26527,20916,28616,54341,30580,36102,29094,28464,4855,10377,3369,2739,2845,2677,4331,4961,2766,8288,1280,650,42000,130400,51124,0
154536,152672,127846,163985,146621,138544,129658,195113,40577,42441,67267,31128,24878,23014,1812,34327,15992,14128,10698,25441,7915,6051,18775,17364,307208,609936,291831,0
41081,39451,31276,22095,32002,33033,27776,63996,22915,24545,32720,41901,13305,11675,3500,5681,8048,6418,1757,10938,9079,7449,726,9907,80532,156807,53371,0
132522,117034,124452,146211,135226,124462,131452,113291,19231,3743,11161,32920,1070,14418,7000,14759,8060,7428,10,21749,2704,18192,10774,10985,249556,504431,270663,0
55859,55228,55254,90376,56197,57607,58274,90451,34592,35223,35197,75,2415,3046,3020,32102,1748,2379,2353,32769,338,969,943,34179,111087,262529,145630,0
74563,63807,62789,51556,69840,69473,64581,64273,10290,466,1484,12717,9982,774,1792,13025,5090,5666,6684,17917,4723,6033,7051,18284,138370,268167,114345,0
31558,26150,27629,47863,34151,31560,34772,41667,10109,15517,14038,6196,3214,8622,7143,13091,2,5410,3931,16303,2593,8001,6522,13712,57708,142150,75492,0
74148,78392,74589,76081,76802,75327,74540,65679,8469,12713,8910,10402,392,3852,49,1541,1179,3065,738,754,2654,1590,2213,721,152540,292348,150670,0
71232,73085,70475,63106,76867,71872,79397,89023,17791,15938,18548,25917,8165,6312,8922,16291,640,1213,1397,8766,5635,3782,6392,13761,144317,317159,133581,0
19299,20826,16893,9800,19992,18336,19061,21624,2325,798,4731,11824,238,1765,2168,9261,963,2490,1443,8536,693,834,3099,10192,40125,79013,26693,0
158376,152688,141708,160295,149410,153731,152353,128878,29498,23810,12830,31417,6023,335,10645,7942,4645,1043,12023,6564,8966,3278,7702,10885,311064,584372,302003,0
78088,77907,81803,158983,79170,72093,81919,168148,90060,90241,86345,9165,3831,4012,116,77064,5995,5814,9710,86890,1082,1263,2633,79813,155995,401330,240786,0
44985,46975,39811,57235,43487,41262,38075,72791,27806,25816,32980,15556,6910,8900,1736,19160,3723,5713,1451,15973,1498,3488,3676,13748,91960,195615,97046,0
39324,37741,35371,23905,39668,38679,37607,21006,18318,16735,14365,2899,1717,134,2236,13702,645,938,3308,14774,344,1927,4297,15763,77065,136960,59276,0
93561,73541,75710,104950,87756,85953,96694,63761,29800,9780,11949,41189,3133,23153,20984,8256,7608,12412,10243,18997,5805,14215,12046,17194,167102,334164,180660,0
44884,34908,41568,34757,49505,44830,49536,72871,27987,37963,31303,38114,4652,14628,7968,14779,54,9922,3262,10073,4621,14597,7937,14748,79792,216742,76325,0
13605,14207,12932,37345,14990,14484,15151,47995,34390,33788,35063,10650,1546,944,2219,22194,879,277,1552,22861,1385,783,2058,22355,27812,92620,50277,0
142257,126756,124069,127996,130998,135193,127466,154681,12424,27925,30612,26685,14791,710,3397,530,7064,8437,11124,7197,11259,4242,6929,3002,269013,548338,252065,0
74148,78392,74589,76081,76802,75327,74540,65679,8469,12713,8910,10402,392,3852,49,1541,1179,3065,738,754,2654,1590,2213,721,152540,292348,150670,0
196150,171414,176591,169019,183042,176558,178070,200886,4736,29472,24295,31867,18080,6656,1479,9051,19592,5144,33,7539,13108,11628,6451,14023,367564,738556,345610,0
60060,59362,51220,68994,53840,54559,53759,46566,13494,12796,4654,22428,6301,5603,2539,15235,5501,4803,3339,14435,6220,5522,2620,15154,119422,208724,120214,0
25973,33442,31080,60825,35449,38989,37360,51406,25433,17964,20326,9419,11387,3918,6280,23465,13016,5547,7909,21836,9476,2007,4369,25376,59415,163204,91905,0
22406,21182,23217,25476,21010,21567,23413,19744,2662,1438,3473,5732,1007,2231,196,2063,839,385,1650,3909,1396,172,2207,4466,43588,85734,48693,0
56060,57043,57799,80535,58813,58510,58266,84128,28068,27085,26329,3593,2206,1223,467,22269,2450,1467,711,22025,2753,1770,1014,21722,113103,259717,138334,0
54731,50179,56859,63433,51641,53444,53545,84873,30142,34694,28014,21440,1186,3366,3314,9888,1287,3265,3415,9989,3090,1462,5218,11792,104910,243503,120292,0
12117,12419,12636,8114,11106,12097,11178,3600,8517,8819,9036,4514,939,1241,1458,3064,20,322,539,3983,1011,1313,1530,2992,24536,37981,20750,0
153465,129019,131979,138758,140686,145443,151259,167559,14094,38540,35580,28801,2206,22240,19280,12501,8022,16424,13464,6685,12779,11667,8707,1928,282484,604947,270737,0
92815,86665,91042,156745,92314,87186,90073,172885,80070,86220,81843,16140,2742,3408,969,66672,5629,521,3856,69559,501,5649,1272,64431,179480,442458,247787,0
104472,83328,84589,124309,88489,87286,80759,122107,17635,38779,37518,2202,23713,2569,3830,43550,17186,3958,2697,37023,15983,5161,3900,35820,187800,378641,208898,0
48374,50056,47817,35496,51635,43586,51831,51388,3014,1332,3571,15892,3457,1775,4014,16335,4788,6470,4231,8090,3261,1579,3818,16139,98430,198440,83313,0
105405,92542,107891,106366,106882,109205,108956,104852,553,12310,3039,1514,3551,16414,1065,2590,3800,16663,1314,2839,1477,14340,1009,516,197947,429895,214257,0
38851,33939,35630,28706,38858,34590,39433,66525,27674,32586,30895,37819,582,5494,3803,10727,4261,651,1040,5884,7,4919,3228,10152,72790,179406,64336,0
122590,108787,103371,113183,106894,104765,103523,151641,29051,42854,48270,38458,19067,5264,152,9660,17825,4022,1394,8418,15696,1893,3523,6289,231377,466823,216554,0
48298,47167,42048,50668,46265,42631,45953,52152,3854,4985,10104,1484,2345,1214,3905,4715,5667,4536,583,8037,2033,902,4217,4403,95465,187001,92716,0
42871,44402,49874,69893,46360,45104,44042,91382,48511,46980,41508,21489,1171,360,5832,25851,2233,702,4770,24789,3489,1958,3514,23533,87273,226888,119767,0
54614,56214,51467,58772,54353,51673,55113,34246,20368,21968,17221,24526,499,1101,3646,3659,2941,4541,206,7099,261,1861,2886,4419,110828,195385,110239,0
94671,90234,78348,64621,93426,93178,83380,90915,3756,681,12567,26294,11291,6854,5032,18759,1493,2944,14830,28557,1245,3192,15078,28805,184905,360899,142969,0
31864,31603,30600,46981,35093,33870,34145,38780,6916,7177,8180,8201,2281,2542,3545,12836,2006,2267,3270,13111,3229,3490,4493,11888,63467,141888,77581,0
13139,11684,13826,8627,14885,17569,15313,7255,5884,4429,6571,1372,2174,3629,1487,6686,4430,5885,3743,8942,1746,3201,1059,6258,24823,55022,22453,0
17063,17718,17944,11389,17330,18094,19508,43577,26514,25859,25633,32188,2445,1790,1564,8119,1031,376,150,6705,267,388,614,5941,34781,98509,29333,0
106339,93927,98313,139908,98732,92244,94238,152140,45801,58213,53827,12232,12101,311,4075,45670,14095,1683,6069,47664,7607,4805,419,41176,200266,437354,238221,0
41476,36942,36206,47456,39086,39885,37912,53101,11625,16159,16895,5645,3564,970,1706,9544,1591,2943,3679,7571,2390,2144,2880,8370,78418,169984,83662,0
1157,1373,1290,1274,1352,1483,1518,1792,635,419,502,518,361,145,228,244,326,110,193,209,195,21,62,78,2530,6145,2564,0
86826,79325,84083,113834,81310,88419,87366,77623,9203,1702,6460,36211,540,8041,3283,26468,1593,9094,4336,25415,5516,1985,2773,32524,166151,334718,197917,0
80709,99556,81165,72202,90339,90017,83121,115391,34682,15835,34226,43189,2412,16435,1956,10919,9308,9539,8852,17815,9630,9217,9174,18137,180265,378868,153367,0
33447,35365,29794,22990,34167,33266,35471,18203,15244,17162,11591,4787,2024,106,5677,12481,181,2099,3472,10276,720,1198,4373,11177,68812,121107,52784,0
137696,128909,123532,161947,123865,122700,124993,137061,635,8152,13529,24886,12703,3916,1461,36954,14996,6209,832,39247,13831,5044,333,38082,266605,508619,285479,0
134673,121635,129954,125667,139717,139403,130842,136803,2130,15168,6849,11136,3831,9207,888,5175,4730,17768,9449,13736,5044,18082,9763,14050,256308,546765,255621,0
120955,97626,116147,128295,114204,115720,112628,125263,4308,27637,9116,3032,8327,15002,3519,15667,5235,18094,427,12575,6751,16578,1943,14091,218581,467815,244442,0
2261,2710,3083,28786,2954,2581,2673,25069,22808,22359,21986,3717,412,37,410,26113,320,129,502,26205,693,244,129,25832,4971,33277,31869,0
42383,41256,39973,55993,42617,40665,41559,34984,7399,6272,4989,21009,824,303,1586,14434,1718,591,692,15328,234,1361,2644,13376,83639,159825,95966,0
42383,41256,39973,55993,42617,40665,41559,34984,7399,6272,4989,21009,824,303,1586,14434,1718,591,692,15328,234,1361,2644,13376,83639,159825,95966,0
9993,8137,8391,13510,8432,9933,9875,2656,7337,5481,5735,10854,118,1738,1484,3635,60,1796,1542,3577,1561,295,41,5078,18130,30896,21901,0
30187,30096,30794,31049,35333,38627,38552,37047,6860,6951,6253,5998,8365,8456,7758,7503,8440,8531,7833,7578,5146,5237,4539,4284,60283,149559,61843,0
42447,39988,37686,30107,40159,38941,38151,72480,30033,32492,34794,42373,4296,1837,465,8044,3506,1047,1255,8834,2288,171,2473,10052,82435,189731,67793,0
100193,102450,79257,119556,90375,87813,100847,132502,32309,30052,53245,12946,654,1603,21590,18709,12380,14637,8556,31743,9818,12075,11118,29181,202643,411537,198813,0
3936,4129,3794,1931,4207,3932,4223,1631,2305,2498,2163,300,287,94,429,2292,4,197,138,2001,271,78,413,2276,8065,13993,5725,0
202800,191695,170289,213993,180920,181139,174567,228849,26049,37154,58560,14856,28233,17128,4278,39426,21661,10556,10850,32854,21880,10775,10631,33073,394495,765475,384282,0
59304,58778,60733,84634,61194,60172,64438,49432,9872,9346,11301,35202,5134,5660,3705,20196,868,1394,561,24462,1890,2416,461,23440,118082,235236,145367,0
63994,64185,62774,131877,72796,71820,70778,107998,44004,43813,45224,23879,6784,6593,8004,61099,7826,7635,9046,60057,8802,8611,10022,59081,128179,323392,194651,0
1968,1913,1822,1252,1931,1970,2055,1038,930,875,784,214,87,142,233,803,2,57,148,718,37,18,109,679,3881,6994,3074,0
90124,92784,84897,92177,87475,73066,86462,80643,9481,12141,4254,11534,3662,6322,1565,5715,17058,19718,11831,19111,2649,5309,2578,4702,182908,327646,177074,0
86942,87379,79877,85091,75013,77153,72011,83760,3182,3619,3883,1331,14931,15368,7866,13080,9789,10226,2724,7938,11929,12366,4864,10078,174321,307937,164968,0
206003,199666,196026,228252,204755,202922,198393,292432,86429,92766,96406,64180,7610,1273,2367,29859,3081,3256,6896,25330,1248,5089,8729,23497,405669,898502,424278,0
91882,92375,107296,80377,116802,110386,124176,120925,29043,28550,13629,40548,32294,31801,16880,43799,18504,18011,3090,30009,24920,24427,9506,36425,184257,472289,187673,0
5317,6224,6306,17132,8196,6890,8212,3721,1596,2503,2585,13411,2895,1988,1906,8920,1573,666,584,10242,2879,1972,1890,8936,11541,27019,23438,0
4137,3654,2951,1693,3495,3267,3734,1489,2648,2165,1462,204,403,80,783,2041,870,387,316,1574,642,159,544,1802,7791,11985,4644,0
31943,31101,28065,68854,30964,31764,32349,64401,32458,33300,36336,4453,406,1248,4284,36505,179,663,3699,37090,979,137,2899,37890,63044,159478,96919,0
45902,62517,54108,35390,62950,63223,48840,69759,23857,7242,15651,34369,2938,13677,5268,13450,17321,706,9115,27833,17048,433,8842,27560,108419,244772,89498,0
113610,106185,108361,138542,107681,109990,107854,140126,26516,33941,31765,1584,5756,1669,507,30688,3620,3805,1629,28552,5929,1496,680,30861,219795,465651,246903,0
98944,90656,86230,92527,99822,97302,101741,74317,24627,16339,11913,18210,2797,11085,15511,9214,1642,6646,11072,4775,878,9166,13592,7295,189600,373182,178757,0
12427,12393,12607,8741,14062,13768,14656,19599,7172,7206,6992,10858,2229,2263,2049,5915,1341,1375,1161,5027,1635,1669,1455,5321,24820,62085,21348,0
123856,100940,115173,141935,109653,115471,106975,86532,37324,14408,28641,55403,16881,6035,8198,34960,8385,14531,298,26464,14203,8713,5520,32282,224796,418631,257108,0
164158,157187,158989,178481,149117,160128,140148,166130,1972,8943,7141,12351,24010,17039,18841,38333,4030,2941,1139,18353,15041,8070,9872,29364,321345,615523,337470,0
59971,55346,47709,61364,50987,50927,51937,34506,25465,20840,13203,26858,8034,3409,4228,9427,9044,4419,3218,10437,8984,4359,3278,10377,115317,188357,109073,0
72133,65109,61322,124257,60660,68460,59794,76745,4612,11636,15423,47512,12339,5315,1528,64463,3673,3351,7138,55797,11473,4449,662,63597,137242,265659,185579,0
129304,118566,115713,99405,125483,125854,123908,118141,11163,425,2428,18736,5396,5342,8195,24503,3450,7288,10141,26449,3821,6917,9770,26078,247870,493386,215118,0
137946,133679,127219,164322,138419,137895,131856,111193,26753,22486,16026,53129,6090,1823,4637,32466,51,4216,10676,26427,473,4740,11200,25903,271625,519363,291541,0
66614,72391,69569,47807,71021,64017,73992,83467,16853,11076,13898,35660,7378,1601,4423,26185,2597,8374,5552,16210,4407,1370,1452,23214,139005,292497,117376,0
45737,45709,40120,32758,46600,42834,45110,54102,8365,8393,13982,21344,627,599,4990,12352,2903,2875,2714,10076,863,891,6480,13842,91446,188646,72878,0
19692,20755,16296,14469,21194,19661,20437,24690,4998,3935,8394,10221,745,318,4141,5968,31,1094,3365,5192,1502,439,4898,6725,40447,85982,30765,0
49054,49582,48173,55625,51725,44616,48909,93805,44751,44223,45632,38180,145,673,736,6716,4438,4966,3557,11009,2671,2143,3552,3900,98636,239055,103798,0
177722,148054,145967,224122,147840,155391,149852,225845,48123,77791,79878,1723,27870,1798,3885,74270,22331,7337,9424,68731,29882,214,1873,76282,325776,678928,370089,0
160803,131234,135693,168686,169933,160624,162456,91676,69127,39558,44017,77010,1653,31222,26763,6230,179,29390,24931,8062,9130,38699,34240,1247,292037,584689,304379,0
68090,66484,65953,70317,70684,68950,71086,69682,1592,3198,3729,635,2996,4602,5133,769,860,2466,2997,1367,2594,4200,4731,367,134574,280402,136270,0
18909,20161,16964,26082,21997,20457,21526,30224,11315,10063,13260,4142,2617,1365,4562,4556,1548,296,3493,5625,3088,1836,5033,4085,39070,94204,43046,0
51309,46228,43873,79123,45094,43207,43917,74682,23373,28454,30809,4441,7392,2311,44,35206,8102,3021,666,35916,6215,1134,1221,34029,97537,206900,122996,0
51077,50315,52553,32634,51856,50385,46446,47411,3666,2904,5142,14777,4631,3869,6107,13812,692,70,2168,17751,779,1541,697,19222,101392,196098,85187,0
42554,44035,40748,25845,47492,43326,43777,22789,19765,21246,17959,3056,1223,258,3029,17932,772,709,2578,17481,4938,3457,6744,21647,86589,157384,66593,0
9560,9814,10274,16491,8152,11556,8728,13403,3843,3589,3129,3088,832,1086,1546,7763,1996,1742,1282,4935,1408,1662,2122,8339,19374,41839,26765,0
13335,14045,11212,10490,12685,13287,12511,16117,2782,2072,4905,5627,824,1534,1299,2021,48,758,2075,2797,650,1360,1473,2195,27380,54600,21702,0
23426,26101,31168,50369,26249,25350,28389,35823,12397,9722,4655,14546,4963,2288,2779,21980,1924,751,5818,25019,2823,148,4919,24120,49527,115811,81537,0
26333,21290,20005,15976,24583,24016,26169,26440,107,5150,6435,10464,164,4879,6164,10193,2317,2726,4011,8040,1750,3293,4578,8607,47623,101208,35981,0
60992,66292,59038,61366,63361,56161,62914,57281,3711,9011,1757,4085,1922,3378,3876,1548,4831,10131,2877,5205,2369,2931,4323,1995,127284,239717,120404,0
2530,2960,3100,1440,3278,3703,3522,3061,531,101,39,1621,992,562,422,2082,1173,743,603,2263,748,318,178,1838,5490,13564,4540,0
33852,30165,29100,31617,31088,29854,27707,42986,9134,12821,13886,11369,6145,2458,1393,3910,3998,311,754,1763,2764,923,1988,529,64017,131635,60717,0
137894,128332,112181,130558,121163,121247,100265,97786,40108,30546,14395,32772,37629,28067,11916,30293,16647,7085,9066,9311,16731,7169,8982,9395,266226,440461,242739,0
40636,43220,39881,33008,42027,41166,44440,67114,26478,23894,27233,34106,3804,1220,4559,11432,530,2054,1285,8158,1391,1193,2146,9019,83856,194747,72889,0
91024,100432,92003,120328,96881,99134,100089,155352,64328,54920,63349,35024,9065,343,8086,20239,8110,1298,7131,21194,5857,3551,4878,23447,191456,451456,212331,0
72119,75656,71784,62091,80156,77930,80045,51585,20534,24071,20199,10506,7926,4389,8261,17954,5811,2274,6146,15839,8037,4500,8372,18065,147775,289716,133875,0
108878,91390,97509,79309,105962,105291,112284,127139,18261,35749,29630,47830,3406,20894,14775,32975,3587,13901,7782,25982,2916,14572,8453,26653,200268,450676,176818,0
44724,52940,43530,48927,49808,48509,50835,97046,52322,44106,53516,48119,6111,2105,7305,1908,3785,4431,4979,418,5084,3132,6278,881,97664,246198,92457,0
51691,56817,49621,61185,52830,55506,48937,48994,2697,7823,627,12191,2754,7880,684,12248,3815,1311,5885,5679,1139,3987,3209,8355,108508,206267,110806,0
69603,65918,65870,92725,69168,72005,69034,75092,5489,9174,9222,17633,569,3116,3164,23691,2402,6087,6135,20720,435,3250,3298,23557,135521,285299,158595,0
106399,103947,97708,124021,100039,98910,100745,176747,70348,72800,79039,52726,5654,3202,3037,23276,7489,5037,1202,25111,6360,3908,2331,23982,210346,476441,221729,0
83469,78051,81158,48243,80792,85562,78832,41726,41743,36325,39432,6517,4637,781,2326,30589,2093,7511,4404,37319,2677,2741,366,32549,161520,286912,129401,0
44723,45255,40470,38761,47914,42030,44735,54304,9581,9049,13834,15543,12,520,4265,5974,2693,3225,1560,3269,3191,2659,7444,9153,89978,188983,79231,0
40979,31915,33167,45139,31866,33526,31425,21744,19235,10171,11423,23395,9554,490,1742,13714,7453,1611,359,11613,9113,49,1301,13273,72894,118561,78306,0
75526,62598,64375,96506,63404,63519,63462,57375,18151,5223,7000,39131,12064,864,913,33044,12007,921,856,32987,12122,806,971,33102,138124,247760,160881,0
23010,25082,22635,37084,22390,24427,22271,31990,8980,6908,9355,5094,739,2811,364,14813,1417,655,1792,12657,620,2692,245,14694,48092,101078,59719,0
7006,7052,5428,11007,5925,6173,5837,13936,6930,6884,8508,2929,1169,1215,409,5170,833,879,745,4834,1081,1127,497,5082,14058,31871,16435,0
50452,52652,55597,50494,50251,50709,54090,60654,10202,8002,5057,10160,3638,1438,1507,3596,257,1943,4888,215,201,2401,5346,243,103104,215704,106091,0
140776,150499,150092,148645,158375,153563,157291,203054,62278,52555,52962,54409,16515,6792,7199,8646,12787,3064,3471,4918,17599,7876,8283,9730,291275,672283,298737,0
52583,55897,52208,62405,58848,56936,59161,49669,2914,6228,2539,12736,6578,3264,6953,3244,4353,1039,4728,5469,6265,2951,6640,3557,108480,224614,114613,0
175954,153664,160216,136160,161728,167311,151615,118258,57696,35406,41958,17902,24339,2049,8601,15455,8643,13647,7095,31151,14226,8064,1512,25568,329618,598912,296376,0
107367,111224,91146,94180,105929,100995,102950,79578,27789,31646,11568,14602,4417,8274,11804,8770,6372,10229,9849,6815,1438,5295,14783,11749,218591,389452,185326,0
49399,57244,68986,50936,67439,57943,79317,128176,78777,70932,59190,77240,29918,22073,10331,28381,8544,699,11043,7007,18040,10195,1547,16503,106643,332875,119922,0
13819,14613,14363,5086,16840,16992,16137,5145,8674,9468,9218,59,2318,1524,1774,11051,3173,2379,2629,11906,3021,2227,2477,11754,28432,55114,19449,0
52116,46776,49471,54685,45725,47279,47046,78518,26402,31742,29047,23833,5070,270,2425,7639,4837,503,2192,7406,6391,1051,3746,8960,98892,218568,104156,0
44677,43068,35411,42570,44915,42565,42522,43213,1464,145,7802,643,2155,546,7111,48,2112,503,7154,5,238,1847,9504,2345,87745,173215,77981,0
71689,59021,60288,81893,61665,54076,64683,94208,22519,35187,33920,12315,7006,5662,4395,17210,17613,4945,6212,27817,10024,2644,1377,20228,130710,274632,142181,0
124615,115685,114348,131265,121736,121841,113526,150141,25526,34456,35793,18876,11089,2159,822,17739,2774,6156,7493,9424,2879,6051,7388,9529,240300,507244,245613,0
84579,87490,105754,90812,105492,101266,118197,122648,38069,35158,16894,31836,33618,30707,12443,27385,16687,13776,4488,10454,20913,18002,262,14680,172069,447603,196566,0
9686,8723,9752,5142,10442,10022,11029,4311,5375,4412,5441,831,1343,2306,1277,5887,336,1299,270,4880,756,1719,690,5300,18409,35804,14894,0
51691,56817,49621,61185,52830,55506,48937,48994,2697,7823,627,12191,2754,7880,684,12248,3815,1311,5885,5679,1139,3987,3209,8355,108508,206267,110806,0
193682,172910,152525,189673,157149,156433,146517,170996,22686,1914,18471,18677,47165,26393,6008,43156,37249,16477,3908,33240,36533,15761,4624,32524,366592,631095,342198,0
65223,69379,63745,87828,66133,61381,61769,75177,9954,5798,11432,12651,3454,7610,1976,26059,3842,7998,2364,26447,910,3246,2388,21695,134602,264460,151573,0
45033,39672,40415,18739,44555,41680,51571,58161,13128,18489,17746,39422,6538,11899,11156,32832,3353,2008,1265,22941,478,4883,4140,25816,84705,195967,59154,0
157196,156596,142791,193514,158998,153511,159657,180169,22973,23573,37378,13345,2461,3061,16866,33857,3685,3085,10720,40003,1802,2402,16207,34516,313792,652335,336305,0
18820,15138,13855,31598,10604,13299,14107,5263,13557,9875,8592,26335,4713,1031,252,17491,5521,1839,556,18299,8216,4534,3251,20994,33958,43273,45453,0
39426,35073,34780,58182,34844,33051,30886,31170,8256,3903,3610,27012,8540,4187,3894,27296,6375,2022,1729,25131,4582,229,64,23338,74499,129951,92962,0
70138,60707,61668,80908,68396,64416,69358,92465,22327,31758,30797,11557,780,8651,7690,11550,5722,3709,2748,16492,1742,7689,6728,12512,130845,294635,142576,0
22944,22378,22597,24167,25231,24291,25115,9105,13839,13273,13492,15062,2171,2737,2518,948,1347,1913,1694,124,2287,2853,2634,1064,45322,83742,46764,0
116884,115705,109754,114014,124226,118034,131012,165548,48664,49843,55794,51534,14128,15307,21258,16998,1150,2329,8280,4020,7342,8521,14472,10212,232589,538820,223768,0
117285,111175,108200,91669,114153,116926,112788,152991,35706,41816,44791,61322,4497,1613,4588,21119,359,5751,8726,25257,3132,2978,5953,22484,228460,496858,199869,0
15242,12305,17765,9818,17687,16861,19004,41246,26004,28941,23481,31428,3762,6699,1239,9186,1619,4556,904,7043,2445,5382,78,7869,27547,94798,27583,0
5139,5521,4358,3088,4557,4250,5287,22056,16917,16535,17698,18968,148,234,929,2199,889,1271,108,1162,582,964,199,1469,10660,36150,7446,0
62419,63018,54999,67679,60815,65843,65017,109603,47184,46585,54604,41924,2598,1999,10018,2662,3424,2825,10844,1836,1604,2203,5816,6864,125437,301278,122678,0
4037,3522,3869,5354,3148,4324,4341,18608,14571,15086,14739,13254,304,819,472,1013,287,802,455,1030,889,374,721,2206,7559,30421,9223,0
213798,210017,200442,177572,207112,207395,204396,152497,61301,57520,47945,25075,9402,5621,3954,26824,6403,2622,6953,29823,6686,2905,6670,29540,423815,771400,378014,0
80161,80917,69347,80750,80752,75404,74828,81251,1090,334,11904,501,5333,6089,5481,5922,4757,5513,6057,5346,591,165,11405,2,161078,312235,150097,0
762,567,539,666,474,547,394,227,535,340,312,439,368,173,145,272,215,20,8,119,288,93,65,192,1329,1642,1205,0
15606,16164,16809,44121,14757,15392,14836,26727,11121,10563,9918,17394,770,1328,1973,29285,214,772,1417,28729,849,1407,2052,29364,31770,71712,60930,0
44911,34474,33235,30620,34808,33944,33840,50177,5266,15703,16942,19557,11071,634,605,3220,10967,530,709,3324,10103,334,1573,4188,79385,152769,63855,0
74589,57632,61926,62854,56067,58708,53760,67252,7337,9620,5326,4398,20829,3872,8166,9094,15881,1076,3218,4146,18522,1565,5859,6787,132221,235787,124780,0
118431,105357,113541,98290,119589,118562,120572,121336,2905,15979,7795,23046,2141,15215,7031,22282,131,13205,5021,20272,1158,14232,6048,21299,223788,480059,211831,0
36313,36207,33731,45415,36232,35489,37326,39524,3211,3317,5793,5891,1013,1119,3595,8089,824,718,1758,9926,81,25,2501,9183,72520,148571,79146,0
200096,186713,176955,164485,184451,184167,182281,199098,998,12385,22143,34613,17815,4432,5326,17796,15929,2546,7212,19682,15645,2262,7496,19966,386809,749997,341440,0
57197,57312,48632,65198,54090,53063,58246,61991,4794,4679,13359,3207,1049,934,9614,6952,4134,4249,4431,12135,3107,3222,5458,11108,114509,227390,113830,0
50402,48646,51996,40659,53275,52370,51930,26663,23739,21983,25333,13996,1528,3284,66,11271,1968,3724,374,11711,2873,4629,1279,12616,99048,184238,92655,0
124960,120434,124088,141101,126866,127990,122006,118994,5966,1440,5094,22107,2954,1572,2082,19095,3030,7556,3902,13111,1906,6432,2778,14235,245394,495856,265189,0
81751,67016,64192,63301,72648,71684,72279,51020,30731,15996,13172,12281,9472,5263,8087,8978,10067,4668,7492,8383,9103,5632,8456,9347,148767,267631,127493,0
74936,73335,65124,100629,71634,68158,72640,65649,9287,7686,525,34980,2296,695,7516,27989,6778,5177,3034,32471,3302,1701,6510,28995,148271,278081,165753,0
58976,52225,48177,66218,44682,51746,46059,73980,15004,21755,25803,7762,12917,6166,2118,20159,7230,479,3569,14472,14294,7543,3495,21536,111201,216467,114395,0
155694,144146,121793,197262,131646,136580,134634,84860,70834,59286,36933,112402,21060,9512,12841,62628,19114,7566,14787,60682,24048,12500,9853,65616,299840,487720,319055,0
136228,120819,128752,117019,127906,123705,122687,116254,19974,4565,12498,765,13541,1868,6065,5668,12523,2886,5047,6686,8322,7087,846,10887,257047,490552,245771,0
4818,5120,4534,2768,5192,5078,5242,2335,2483,2785,2199,433,424,122,708,2474,260,42,544,2310,374,72,658,2424,9938,17847,7302,0
145005,124310,121800,151091,127527,131000,120288,126824,18181,2514,5024,24267,24717,4022,1512,30803,14005,6690,9200,20091,17478,3217,5727,23564,269315,505639,272891,0
100167,102587,92826,99037,91714,85512,96384,146856,46689,44269,54030,47819,3783,6203,3558,2653,14655,17075,7314,13525,8453,10873,1112,7323,202754,420466,191863,0
46078,46670,43317,38395,47432,46396,45777,30110,15968,16560,13207,8285,301,893,2460,7382,318,274,3079,8001,1354,762,4115,9037,92748,169715,81712,0
140208,129562,119195,154497,127646,131458,118361,126329,13879,3233,7134,28168,21847,11201,834,36136,8750,1896,12263,23039,12562,1916,8451,26851,269770,503794,273692,0
78111,75621,73467,76307,79350,76950,80851,101079,22968,25458,27612,24772,2740,5230,7384,4544,1161,1329,3483,643,1239,3729,5883,3043,153732,338230,149774,0
99476,101843,100974,108862,103975,103722,108695,131472,31996,29629,30498,22610,9219,6852,7721,167,4246,1879,2748,5140,4499,2132,3001,4887,201319,447864,209836,0
38651,37226,34736,51826,40740,36147,40124,46010,7359,8784,11274,5816,1473,2898,5388,11702,2504,1079,1411,15679,2089,3514,6004,11086,75877,163021,86562,0
110547,113895,105370,68956,109571,110647,110574,93637,16910,20258,11733,24681,27,3321,5204,41618,100,3248,5277,41691,976,4324,4201,40615,224442,424429,174326,0
100705,109924,98804,102838,99630,101250,104240,102811,2106,7113,4007,27,3535,5684,5436,1402,545,8674,2446,1588,1075,10294,826,3208,210629,407931,201642,0
51687,51209,45637,63284,53005,50366,49443,41231,10456,9978,4406,22053,2244,1766,3806,13841,1321,843,4729,12918,1318,1796,7368,10279,102896,194045,108921,0
62028,57107,51241,40786,60127,57030,54902,66498,4470,9391,15257,25712,7126,2205,3661,14116,4998,77,5789,16244,1901,3020,8886,19341,119135,238557,92027,0
61194,61002,56088,57795,57092,58141,56699,83687,22493,22685,27599,25892,4495,4303,611,1096,3053,2861,2053,346,4102,3910,1004,703,122196,255619,113883,0
58062,51554,47101,75621,49968,50342,45448,68713,10651,17159,21612,6908,12614,6106,1653,30173,7720,1212,3241,25279,8094,1586,2867,25653,109616,214471,122722,0
48217,47059,43658,38316,47849,45354,46847,77309,29092,30250,33651,38993,1370,212,3189,8531,2863,1705,1696,7038,368,790,4191,9533,95276,217359,81974,0
100728,94162,99027,163549,99557,98833,94509,153232,52504,59070,54205,10317,6219,347,4518,69040,1895,4671,194,64716,1171,5395,530,63992,194890,446131,262576,0
98657,81445,70354,94965,83592,82647,81116,123463,24806,42018,53109,28498,17541,329,10762,13849,16010,1202,12293,12318,15065,2147,13238,11373,180102,370818,165319,0
123802,116569,111915,137862,113055,113051,108896,149549,25747,32980,37634,11687,14906,7673,3019,28966,10751,3518,1136,24811,10747,3514,1140,24807,240371,484551,249777,0
121917,97621,118812,100322,80900,96649,124641,96008,25909,1613,22804,4314,2724,27020,5829,24319,25268,972,22163,3673,41017,16721,37912,19422,219538,398198,219134,0
108174,104517,102344,160681,102767,98271,100805,127208,19034,22691,24864,33473,7369,3712,1539,59876,9903,6246,4073,62410,5407,1750,423,57914,212691,429051,263025,0
64182,65092,60450,51063,64101,61659,64122,67419,3237,2327,6969,16356,60,970,3672,13059,2523,3433,1209,10596,81,991,3651,13038,129274,257301,111513,0
55507,46436,45198,34572,45752,46782,47058,61604,6097,15168,16406,27032,8449,622,1860,12486,8725,346,1584,12210,9755,684,554,11180,101943,201196,79770,0
77288,80924,78802,53241,85073,82019,80903,62390,14898,18534,16412,9149,3615,21,2101,27662,4731,1095,3217,28778,7785,4149,6271,31832,158212,310385,132043,0
32548,29990,27558,34757,27052,26991,26755,30770,1778,780,3212,3987,5793,3235,803,8002,5557,2999,567,7766,5496,2938,506,7705,62538,111568,62315,0
47432,43874,41375,57881,45703,44076,41832,36808,10624,7066,4567,21073,5600,2042,457,16049,3356,202,2701,13805,1729,1829,4328,12178,91306,168419,99256,0
99738,85742,90743,74033,96439,95243,94545,88470,11268,2728,2273,14437,5193,8803,3802,20512,4495,9501,4500,21210,3299,10697,5696,22406,185480,374697,164776,0
22406,21182,23217,25476,21010,21567,23413,19744,2662,1438,3473,5732,1007,2231,196,2063,839,385,1650,3909,1396,172,2207,4466,43588,85734,48693,0
67824,65443,63090,86590,60631,59415,57963,40623,27201,24820,22467,45967,9861,7480,5127,28627,8409,6028,3675,27175,7193,4812,2459,25959,133267,218632,149680,0
75904,62852,64834,76828,65545,66737,65449,102405,26501,39553,37571,25577,10455,2597,615,11379,9167,3885,1903,10091,10359,2693,711,11283,138756,300136,141662,0
62502,66652,63017,78886,65329,64136,67771,94506,32004,27854,31489,15620,5269,1119,4754,11115,1634,2516,1119,14750,2827,1323,2312,13557,129154,291742,141903,0
70026,69610,59559,97972,67559,65289,63199,55777,14249,13833,3782,42195,6827,6411,3640,34773,4737,4321,5730,32683,2467,2051,8000,30413,139636,251824,157531,0
211070,197217,164951,214778,180122,170587,174849,219083,8013,21866,54132,4305,36221,22368,9898,39929,40483,26630,5636,44191,30948,17095,15171,34656,408287,744641,379729,0
33048,33734,26126,29045,32429,29985,31732,37073,4025,3339,10947,8028,1316,2002,5606,2687,3063,3749,3859,940,619,1305,6303,3384,66782,131219,55171,0
97815,101400,97166,208034,100015,95633,87417,168212,70397,66812,71046,39822,10398,13983,9749,120617,2182,5767,1533,112401,2200,1385,2849,108019,199215,451277,305200,0
62321,53132,62679,106606,57891,58818,58500,117944,55623,64812,55265,11338,3821,5368,4179,48106,3503,5686,3861,47788,4430,4759,4788,48715,115453,293153,169285,0
16360,16944,13051,29629,14630,15579,15316,21579,5219,4635,8528,8050,1044,1628,2265,14313,781,1365,2528,14050,1730,2314,1579,14999,33304,67104,42680,0
12528,9963,9497,8559,10782,11071,9373,24846,12318,14883,15349,16287,3155,590,124,814,1457,1108,1574,2512,1746,819,1285,2223,22491,56072,18056,0
109616,109653,106109,138504,113856,110881,110054,120242,10626,10589,14133,18262,438,401,3945,28450,1265,1228,4772,27623,4240,4203,7747,24648,219269,455033,244613,0
81832,85765,79467,95419,82286,81839,77479,153728,71896,67963,74261,58309,4353,8286,1988,17940,7,3926,2372,13580,454,3479,2819,13133,167597,395332,174886,0
50379,46666,46737,42982,48921,47626,45650,80702,30323,34036,33965,37720,4729,1016,1087,2668,2753,960,889,4644,1458,2255,2184,5939,97045,222899,89719,0
56999,53905,52917,116244,51711,52115,52809,124542,67543,70637,71625,8298,4190,1096,108,63435,4884,1790,802,64129,5288,2194,1206,64533,110904,281177,169161,0
95713,97968,90949,106254,94703,94199,92204,168608,72895,70640,77659,62354,3509,5764,1255,14050,1514,3769,3250,12055,1010,3265,3754,11551,193681,449714,197203,0
126038,107362,107511,144530,102599,103666,97190,148423,22385,41061,40912,3893,28848,10172,10321,47340,22372,3696,3845,40864,23439,4763,4912,41931,233400,451878,252041,0
43715,50484,56953,43157,51450,51682,59060,97608,53893,47124,40655,54451,15345,8576,2107,15903,7967,1198,5271,8525,7735,966,5503,8293,94199,259800,100110,0
135208,98925,127116,140291,120868,119126,113428,207675,72467,108750,80559,67384,21780,14503,13688,26863,16082,20201,7990,21165,14340,21943,6248,19423,234133,561097,267407,0
138904,123911,134345,177590,132873,130287,123337,183737,44833,59826,49392,6147,15567,574,11008,54253,8617,6376,4058,47303,6031,8962,1472,44717,262815,570234,311935,0
105087,102866,96768,61180,106981,104847,105489,55334,49753,47532,41434,5846,402,2623,8721,44309,240,1981,8079,43667,1894,4115,10213,45801,207953,372651,157948,0
55612,58688,69830,45201,74968,73529,85244,88159,32547,29471,18329,42958,29632,26556,15414,40043,17917,14841,3699,28328,19356,16280,5138,29767,114300,321900,115031,0
133642,124133,114178,158836,113818,120713,111146,131073,2569,6940,16895,27763,22496,12987,3032,47690,12929,3420,6535,38123,19824,10315,360,45018,257775,476750,273014,0
82370,67146,74798,73731,89597,77204,93260,87859,5489,20713,13061,14128,10890,26114,18462,19529,5166,10058,2406,3473,7227,22451,14799,15866,149516,347920,148529,0
81446,69427,72787,80599,70810,79529,65248,47026,34420,22401,25761,33573,16198,4179,7539,15351,1917,10102,6742,1070,10636,1383,1977,9789,150873,262613,153386,0
106396,94880,93403,74542,90309,100642,92017,75233,31163,19647,18170,691,14379,2863,1386,17475,5754,5762,7239,26100,16087,4571,3094,15767,201276,358201,167945,0
74407,63827,68503,84689,69646,69306,67163,126528,52121,62701,58025,41839,7244,3336,1340,17526,5101,5479,803,15383,4761,5819,1143,15043,138234,332643,153192,0
4460,5244,4487,3020,5095,4944,5150,1436,3024,3808,3051,1584,690,94,663,2130,484,300,457,1924,635,149,608,2075,9704,16625,7507,0
13380,14358,12637,6654,15215,14552,15655,4606,8774,9752,8031,2048,2275,1297,3018,9001,1172,194,1915,7898,1835,857,2578,8561,27738,50028,19291,0
207604,188200,190579,205860,215149,220683,216075,243401,35797,55201,52822,37541,8471,27875,25496,10215,13079,32483,30104,14823,7545,26949,24570,9289,395804,895308,396439,0
159821,163428,144885,194357,156207,148812,154817,231619,71798,68191,86734,37262,5004,8611,9932,39540,11009,14616,3927,45545,3614,7221,11322,38150,323249,691455,339242,0
92201,84900,89324,81447,88665,92127,91796,100650,8449,15750,11326,19203,405,6896,2472,10349,74,7227,2803,10680,3536,3765,659,7218,177101,373238,170771,0
25698,25495,20887,28504,24945,25513,24003,30673,4975,5178,9786,2169,1695,1492,3116,4501,185,18,4626,2991,753,550,4058,3559,51193,105134,49391,0
33016,36968,32454,56370,35022,35029,34953,60251,27235,23283,27797,3881,1937,2015,2499,21417,2013,1939,2575,21341,2006,1946,2568,21348,69984,165255,88824,0
39422,44326,38451,24539,41534,40295,35945,35323,4099,9003,3128,10784,3477,8381,2506,11406,873,4031,1844,15756,2112,2792,3083,16995,83748,153097,62990,0
36524,30986,34586,37764,32425,36015,33549,42193,5669,11207,7607,4429,2975,2563,1037,4215,509,5029,1429,1749,4099,1439,2161,5339,67510,144182,72350,0
2628,3135,3195,2868,4394,4373,4481,18943,16315,15808,15748,16075,1853,1346,1286,1613,1745,1238,1178,1505,1766,1259,1199,1526,5763,32191,6063,0
3302,3174,3035,2126,3170,3239,3402,1850,1452,1324,1185,276,100,228,367,1276,63,65,204,1113,132,4,135,1044,6476,11661,5161,0
53961,44273,39114,74848,43290,45460,39664,64218,10257,19945,25104,10630,14297,4609,550,35184,8501,1187,6346,29388,10671,983,4176,31558,98234,192632,113962,0
18642,13629,16447,24015,18404,18717,15389,42521,23879,28892,26074,18506,3253,1760,1058,8626,75,5088,2270,5298,238,4775,1957,5611,32271,95031,40462,0
110918,110537,97570,123713,110946,100425,107562,103641,7277,6896,6071,20072,3356,2975,9992,16151,10493,10112,2855,23288,28,409,13376,12767,221455,422574,221283,0
62357,56281,52139,67149,49942,52232,55292,47454,14903,8827,4685,19695,7065,989,3153,11857,10125,4049,93,14917,12415,6339,2197,17207,118638,204920,119288,0
32920,27868,27294,23145,42498,31790,39865,48032,15112,20164,20738,24887,6945,11997,12571,16720,1130,3922,4496,8645,9578,14630,15204,19353,60788,162185,50439,0
117299,109300,105823,128590,122056,118726,115701,152328,35029,43028,46505,23738,1598,6401,9878,12889,1427,9426,12903,9864,4757,12756,16233,6534,226599,508811,234413,0
218639,205009,176283,243889,195476,190558,178638,213797,4842,8788,37514,30092,40001,26371,2355,65251,28081,14451,14275,53331,23163,9533,19193,48413,423648,778469,420172,0
150376,139942,142155,170119,139749,108323,151523,270447,120071,130505,128292,100328,1147,11581,9368,18596,42053,31619,33832,61796,10627,193,2406,30370,290318,670042,312274,0
55530,68914,46761,80780,58826,50786,67211,101250,45720,32336,54489,20470,11681,1703,20450,13569,4744,18128,4025,29994,3296,10088,12065,21954,124444,278073,127541,0
31164,32630,25981,17116,31897,29863,29635,29297,1867,3333,3316,12181,1529,2995,3654,12519,1301,2767,3882,12747,733,733,5916,14781,63794,120692,43097,0
236352,220843,215696,232085,225623,224706,218214,316192,79840,95349,100496,84107,18138,2629,2518,13871,11646,3863,9010,7379,10729,4780,9927,6462,457195,984735,447781,0
80136,76776,67405,76425,75839,73172,72864,52907,27229,23869,14498,23518,7272,3912,5459,3561,6964,3604,5767,3253,4297,937,8434,586,156912,274782,143830,0
205853,176679,166526,193990,176480,182108,167473,232208,26355,55529,65682,38218,38380,9206,947,26517,23745,5429,15582,11882,29373,199,9954,17510,382532,758269,360516,0
87548,79191,84274,82252,80991,74679,81494,128065,40517,48874,43791,45813,6054,2303,2780,758,12869,4512,9595,7573,6557,1800,3283,1261,166739,365229,166526,0
53513,46301,55867,46695,56070,58722,56587,123181,69668,76880,67314,76486,3074,10286,720,9892,5209,12421,2855,12027,2557,9769,203,9375,99814,294560,102562,0
52051,47117,52576,36533,54041,58194,55868,35662,16389,11455,16914,871,3817,8751,3292,19335,6143,11077,5618,21661,1990,6924,1465,17508,99168,203765,89109,0
145450,133776,131327,168891,146414,151489,133574,153968,8518,20192,22641,14923,11876,202,2247,35317,6039,17713,20162,17402,964,12638,15087,22477,279226,585445,300218,0
88711,79931,80423,68421,75160,79242,73263,100706,11995,20775,20283,32285,15448,6668,7160,4842,9469,689,1181,10821,13551,4771,5263,6739,168642,328371,148844,0
3205,3809,2930,1445,4030,3827,3431,891,2314,2918,2039,554,226,378,501,1986,622,18,897,2382,825,221,1100,2585,7014,12179,4375,0
89725,85834,82601,80100,87035,74810,83846,145473,55748,59639,62872,65373,5879,1988,1245,3746,14915,11024,7791,5290,2690,1201,4434,6935,175559,391164,162701,0
98644,86455,100833,94094,105260,105774,112102,84310,14334,2145,16523,9784,13458,25647,11269,18008,7130,19319,4941,11680,6616,18805,4427,11166,185099,407446,194927,0
135597,132349,124045,135150,132189,129191,123729,153409,17812,21060,29364,18259,11868,8620,316,11421,6406,3158,5146,5959,3408,160,8144,2961,267946,538518,259195,0
20572,19707,19552,19249,24992,22985,28787,27144,6572,7437,7592,7895,8215,9080,9235,9538,2413,3278,3433,3736,4420,5285,5440,5743,40279,103908,38801,0
139196,130935,126064,146295,138519,131805,138488,105593,33603,25342,20471,40702,708,7553,12424,7807,7391,870,5741,14490,677,7584,12455,7776,270131,514405,272359,0
132214,127378,135171,179713,136261,137767,137365,185334,53120,57956,50163,5621,5151,9987,2194,42348,5553,10389,2596,41946,4047,8883,1090,43452,259592,596727,314884,0
80298,71834,70465,113228,77314,75102,78322,71815,8483,19,1350,41413,1976,6488,7857,34906,5196,3268,4637,38126,2984,5480,6849,35914,152132,302553,183693,0
145350,152015,139316,156821,156282,149065,149005,210334,64984,58319,71018,53513,3655,3010,9689,7816,3715,2950,9749,7756,10932,4267,16966,539,297365,664686,296137,0
71870,56357,63936,82441,65514,67070,65809,97318,25448,40961,33382,14877,6061,9452,1873,16632,4800,10713,3134,15371,6356,9157,1578,16927,128227,295711,146377,0
153869,141072,136231,144803,157282,149435,155778,109330,44539,31742,26901,35473,1909,14706,19547,10975,4434,8363,13204,4632,3413,16210,21051,12479,294941,571825,281034,0
332908,267331,299297,267114,299222,301838,292992,285904,47004,18573,13393,18790,39916,25661,6305,25878,31070,34507,2541,34724,33686,31891,75,32108,600239,1179956,566411,0
28720,23235,22411,29610,24586,24973,27241,12465,16255,10770,9946,17145,1479,4006,4830,2369,3747,1738,2562,4637,4134,1351,2175,5024,51955,89265,52021,0
59839,60340,59242,34807,59301,56332,59689,40433,19406,19907,18809,5626,150,651,447,24882,3507,4008,2910,21525,538,1039,59,24494,120179,215755,94049,0
46393,38877,38802,71736,36492,38402,35370,54972,8579,16095,16170,16764,11023,3507,3432,36366,7991,475,400,33334,9901,2385,2310,35244,85270,165236,110538,0
43715,41281,47174,32046,44449,45466,45882,81982,38267,40701,34808,49936,2167,4601,1292,13836,1751,4185,1708,13420,734,3168,2725,12403,84996,217779,79220,0
25389,20214,20866,33334,25757,24620,23828,26017,628,5803,5151,7317,1561,3614,2962,9506,769,4406,3754,8714,368,5543,4891,7577,45603,100222,54200,0
22406,21182,23217,25476,21010,21567,23413,19744,2662,1438,3473,5732,1007,2231,196,2063,839,385,1650,3909,1396,172,2207,4466,43588,85734,48693,0
119579,99888,92667,147343,103923,98300,97509,121787,2208,21899,29120,25556,22070,2379,4842,49834,21279,1588,5633,49043,15656,4035,11256,43420,219467,421519,240010,0
22406,21182,23217,25476,21010,21567,23413,19744,2662,1438,3473,5732,1007,2231,196,2063,839,385,1650,3909,1396,172,2207,4466,43588,85734,48693,0
91128,88513,86008,107537,87232,90691,90863,114747,23619,26234,28739,7210,265,2350,4855,16674,437,2178,4683,16846,3896,1281,1224,20305,179641,383533,193545,0
102695,100471,100577,97066,98406,98437,103581,88227,14468,12244,12350,8839,886,3110,3004,6515,4258,2034,2140,1371,4289,2065,2171,1340,203166,388651,197643,0
24151,23565,24858,26894,23241,24003,23539,48564,24413,24999,23706,21670,612,26,1319,3355,148,438,855,2891,910,324,1617,3653,47716,119347,51752,0
89215,97484,92414,91743,100788,95725,103665,134067,44852,36583,41653,42324,14450,6181,11251,11922,6510,1759,3311,3982,11573,3304,8374,9045,186699,434245,184157,0
72753,64589,68475,61099,71215,73496,75647,120076,47323,55487,51601,58977,2894,11058,7172,14548,743,8907,5021,12397,1538,6626,2740,10116,137342,340434,129574,0
25512,24343,24739,24839,26421,24225,25611,21589,3923,2754,3150,3250,99,1268,872,772,1287,118,514,614,909,2078,1682,1582,49855,97846,49578,0
134857,132125,132294,97328,144622,139140,138187,151642,16785,19517,19348,54314,3330,6062,5893,40859,4283,7015,6846,41812,9765,12497,12328,47294,266982,573591,229622,0
75134,71921,69485,55289,70937,71928,71034,79969,4835,8048,10484,24680,4100,887,1549,15745,3206,7,2443,16639,4197,984,1452,15648,147055,293868,124774,0
30801,28385,24592,31510,26712,25963,25682,14734,16067,13651,9858,16776,5119,2703,1090,5828,4838,2422,1371,5547,4089,1673,2120,4798,59186,93091,56102,0
87336,74365,79753,83755,76756,72521,74920,95061,7725,20696,15308,11306,12416,555,4833,8835,14815,1844,7232,11234,10580,2391,2997,6999,161701,319258,163508,0
87697,72478,74045,126994,84652,77411,89994,137767,50070,65289,63722,10773,2297,17516,15949,37000,10286,4933,3366,49583,3045,12174,10607,42342,160175,389824,201039,0
24853,25967,25104,32304,31114,32330,37415,25935,1082,32,831,6369,12562,11448,12311,5111,7477,6363,7226,26,6261,5147,6010,1190,50820,126794,57408,0
147109,149695,131626,167092,140117,122205,140283,184030,36921,34335,52404,16938,6826,9412,8657,26809,24904,27490,9421,44887,6992,9578,8491,26975,296804,586635,298718,0
30257,31361,29343,32639,34905,36661,36611,30439,182,922,1096,2200,6354,5250,7268,3972,6404,5300,7318,4022,4648,3544,5562,2266,61618,138616,61982,0
30681,32283,29956,34561,34284,34703,33200,15569,15112,16714,14387,18992,2519,917,3244,1361,4022,2420,4747,142,3603,2001,4328,277,62964,117756,64517,0
219554,189711,200441,225114,210152,219284,211266,317179,97625,127468,116738,92065,8288,21555,10825,13848,270,29573,18843,5830,9402,20441,9711,14962,409265,957881,425555,0
90093,82373,89998,79102,89539,91743,94158,81041,9052,1332,8957,1939,4065,11785,4160,15056,1650,9370,1745,12641,554,7166,459,10437,172466,356481,169100,0
81873,67388,66643,85907,74201,69989,76230,98543,16670,31155,31900,12636,5643,8842,9587,9677,11884,2601,3346,15918,7672,6813,7558,11706,149261,318963,152550,0
53827,46577,52187,76242,49410,51448,54299,69893,16066,23316,17706,6349,472,7722,2112,21943,2379,4871,739,24794,4417,2833,2777,26832,100404,225050,128429,0
32378,35565,33116,37904,40877,38814,43178,71830,39452,36265,38714,33926,10800,7613,10062,5274,6436,3249,5698,910,8499,5312,7761,2973,67943,194699,71020,0
71301,68130,65118,83252,63788,61680,68243,50243,21058,17887,14875,33009,3058,113,3125,15009,9621,6450,3438,21572,7513,4342,1330,19464,139431,243954,148370,0
81869,78844,73623,80750,77482,74240,76387,65181,16688,13663,8442,15569,5482,2457,2764,4363,7629,4604,617,6510,4387,1362,3859,3268,160713,293290,154373,0
89128,96443,90303,130028,98570,94136,98416,143733,54605,47290,53430,13705,9288,1973,8113,31612,5008,2307,3833,35892,9442,2127,8267,31458,185571,434855,220331,0
105084,108221,98810,107092,108894,109359,109900,89499,15585,18722,9311,17593,4816,1679,11090,2808,4275,1138,10549,2267,3810,673,10084,1802,213305,417652,205902,0
32258,30526,27701,21101,35121,34624,30261,24039,8219,6487,3662,2938,1997,265,2560,9160,2366,4098,6923,13523,2863,4595,7420,14020,62784,124045,48802,0
1968,1913,1822,1252,1931,1970,2055,1038,930,875,784,214,87,142,233,803,2,57,148,718,37,18,109,679,3881,6994,3074,0
54067,57374,57368,70013,60662,51973,58745,38266,15801,19108,19102,31747,4678,1371,1377,11268,2094,5401,5395,18040,6595,3288,3294,9351,111441,209646,127381,0
47186,43945,38765,28089,42768,43715,40094,59619,12433,15674,20854,31530,7092,3851,1329,12005,3471,230,4950,15626,4418,1177,4003,14679,91131,186196,66854,0
78970,81568,77447,92170,72402,77326,77538,99462,20492,17894,22015,7292,1432,4030,91,14632,1644,4242,121,14844,6568,9166,5045,19768,160538,326728,169617,0
16936,18275,18071,25786,20186,19370,20816,27606,10670,9331,9535,1820,3880,2541,2745,4970,2434,1095,1299,6416,3250,1911,2115,5600,35211,87978,43857,0
57954,55783,51701,46276,50043,52481,52014,80870,22916,25087,29169,34594,5940,3769,313,5738,5473,3302,780,6205,7911,5740,1658,3767,113737,235408,97977,0
80978,79292,78406,64865,76996,78442,78137,74995,5983,4297,3411,10130,2841,1155,269,13272,2536,850,36,13577,3982,2296,1410,12131,160270,308570,143271,0
132133,138581,121570,117211,136356,127618,133208,171347,39214,32766,49777,54136,1075,5373,11638,15997,4515,10963,6048,10407,4223,2225,14786,19145,270714,568529,238781,0
23637,17023,17141,20590,19087,19646,17707,5123,18514,11900,12018,15467,5930,684,566,2883,3991,2623,2505,944,4550,2064,1946,1503,40660,61563,37731,0
73657,71715,63893,103528,72353,68531,69409,93053,19396,21338,29160,10475,4248,2306,5516,34119,5126,3184,4638,34997,1304,638,8460,31175,145372,303346,167421,0
32371,30898,32652,48307,31745,33686,33570,43762,11391,12864,11110,4545,1199,2672,918,14737,1315,2788,1034,14621,626,847,907,16562,63269,142763,80959,0
93335,84899,79373,101018,80087,86259,76272,72402,20933,12497,6971,28616,17063,8627,3101,24746,7076,1360,6886,14759,13248,4812,714,20931,178234,315020,180391,0
23284,22959,21832,13217,22875,22554,22973,10831,12453,12128,11001,2386,311,14,1141,9756,730,405,722,9337,409,84,1043,9658,46243,79233,35049,0
83647,85992,82058,117596,86753,83962,83747,92923,9276,6931,10865,24673,100,2245,1689,33849,315,2030,1904,33634,3106,761,4695,30843,169639,347385,199654,0
70194,60594,55689,77559,63296,58706,65793,83037,12843,22443,27348,5478,4401,5199,10104,11766,11488,1888,3017,18853,6898,2702,7607,14263,130788,270832,133248,0
89332,91718,84006,84725,89552,88450,84800,64654,24678,27064,19352,20071,4532,6918,794,75,882,3268,4444,3725,220,2166,5546,4827,181050,327456,168731,0
110264,92202,96144,137057,94006,96358,101217,123905,13641,31703,27761,13152,9047,9015,5073,35840,13906,4156,214,40699,16258,1804,2138,43051,202466,415486,233201,0
94671,90234,78348,64621,93426,93178,83380,90915,3756,681,12567,26294,11291,6854,5032,18759,1493,2944,14830,28557,1245,3192,15078,28805,184905,360899,142969,0
85357,84686,86311,59651,83164,80618,82219,146414,61057,61728,60103,86763,3138,2467,4092,22568,4739,4068,5693,20967,2193,1522,3147,23513,170043,392415,145962,0
188606,185460,157463,176380,169766,173092,180604,132993,55613,52467,24470,43387,8002,4856,23141,4224,15514,12368,15629,3288,18840,15694,12303,6614,374066,656455,333843,0
109815,97130,102246,96897,110681,106196,109664,106596,3219,9466,4350,9699,151,12534,7418,12767,3619,9066,3950,9299,866,13551,8435,13784,206945,433137,199143,0
117885,101255,105854,187859,113339,120848,108440,199692,81807,98437,93838,11833,9445,7185,2586,79419,2963,19593,14994,67011,4546,12084,7485,74520,219140,542319,293713,0
128065,112791,115163,172561,121137,118698,123036,152169,24104,39378,37006,20392,5029,10245,7873,49525,9367,5907,3535,53863,6928,8346,5974,51424,240856,515040,287724,0
336,403,452,551,638,705,687,12839,12503,12436,12387,12288,351,284,235,136,369,302,253,154,302,235,186,87,739,14869,1003,0
105153,88790,95972,91260,95793,96745,90034,192455,87302,103665,96483,101195,15119,1244,5938,1226,8408,7955,773,5485,9360,7003,179,4533,193943,475027,187232,0
41898,35096,34827,32127,38260,38912,38135,34047,7851,1049,780,1920,3763,3039,3308,6008,2986,3816,4085,6785,3638,3164,3433,6133,76994,149354,66954,0
6757,5502,6462,19706,7569,9563,9113,17178,10421,11676,10716,2528,2356,3611,2651,10593,2806,4061,3101,10143,812,2067,1107,12137,12259,43423,26168,0
106362,111609,98604,117891,107147,106505,113349,152071,45709,40462,53467,34180,6987,1740,14745,4542,143,5104,7901,11386,785,4462,8543,10744,217971,479072,216495,0
7662,6789,6340,4168,7202,6843,7126,3702,3960,3087,2638,466,536,337,786,2958,819,54,503,2675,460,413,862,3034,14451,24873,10508,0
117726,114661,113394,144665,119440,114312,123964,141853,24127,27192,28459,2812,6238,9303,10570,20701,3414,349,918,30353,1714,4779,6046,25225,232387,499569,258059,0
94671,90234,78348,64621,93426,93178,83380,90915,3756,681,12567,26294,11291,6854,5032,18759,1493,2944,14830,28557,1245,3192,15078,28805,184905,360899,142969,0
130916,119149,116050,127030,115394,116643,113256,95930,34986,23219,20120,31100,17660,5893,2794,13774,14273,2506,593,10387,15522,3755,656,11636,250065,441223,243080,0
160073,162837,143348,142801,151675,153694,147691,222308,62235,59471,78960,79507,12382,15146,4343,4890,6379,9143,10346,10893,8398,11162,8327,8874,322910,675368,286149,0
126895,104375,113976,96405,115059,113619,114493,116598,10297,12223,2622,20193,12402,10118,517,18088,13276,9244,357,17214,11836,10684,1083,18654,231270,459769,210381,0
72798,66002,60899,96946,63407,59194,67779,98943,26145,32941,38044,1997,5019,1777,6880,29167,13604,6808,1705,37752,9391,2595,2508,33539,138800,289323,157845,0
50412,52219,51187,103407,55941,62855,69396,119076,68664,66857,67889,15669,18984,17177,18209,34011,12443,10636,11668,40552,5529,3722,4754,47466,102631,307268,154594,0
111360,101360,101039,115529,100008,97122,92023,110949,411,9589,9910,4580,19337,9337,9016,23506,14238,4238,3917,18407,11352,1352,1031,15521,212720,400102,216568,0
55935,54316,52809,69647,56354,50299,53184,74533,18598,20217,21724,4886,2751,1132,375,16463,5636,4017,2510,19348,419,2038,3545,13293,110251,234370,122456,0
19405,15298,17367,27689,19567,21560,19780,7513,11892,7785,9854,20176,375,4482,2413,7909,2155,6262,4193,6129,162,4269,2200,8122,34703,68420,45056,0
62428,65527,63142,73310,64079,66956,65667,78980,16552,13453,15838,5670,3239,140,2525,7643,4528,1429,3814,6354,1651,1448,937,9231,127955,275682,136452,0
65127,63625,62452,78600,65254,66256,61773,88339,23212,24714,25887,9739,3354,1852,679,16827,1129,2631,3804,12344,127,1629,2802,13346,128752,281622,141052,0
74266,70703,62381,67735,67434,68919,64807,66651,7615,4052,4270,1084,9459,5896,2426,2928,5347,1784,6538,1184,6832,3269,5053,301,144969,267811,130116,0
113989,110721,115353,196006,132023,136570,140807,183734,69745,73013,68381,12272,26818,30086,25454,55199,22581,25849,21217,59436,18034,21302,16670,63983,224710,593134,311359,0
7384,7922,8097,6896,8411,8437,7672,12943,5559,5021,4846,6047,288,250,425,776,1053,515,340,1541,1027,489,314,1515,15306,37463,14993,0
446,481,494,227,535,548,573,292,154,189,202,65,127,92,79,346,102,67,54,321,89,54,41,308,927,1948,721,0
46365,50348,46885,70620,50008,43920,53505,53924,7559,3576,7039,16696,7140,3157,6620,17115,2445,6428,2965,26700,3643,340,3123,20612,96713,201357,117505,0
2959,2337,2325,18263,2358,2537,2483,1823,1136,514,502,16440,476,146,158,15780,422,200,212,15726,601,21,33,15905,5296,9201,20588,0
28979,26311,27136,54972,26139,28455,25856,37263,8284,10952,10127,17709,3123,455,1280,29116,524,2144,1319,26517,2840,172,997,28833,55290,117713,82108,0
73973,69488,69230,110655,69495,70461,68884,108539,34566,39051,39309,2116,5089,604,346,41771,3512,973,1231,40194,4478,7,265,41160,143461,317379,179885,0
39184,36147,34635,44107,33981,36387,34854,63592,24408,27445,28957,19485,4330,1293,219,9253,2797,240,1752,7720,5203,2166,654,10126,75331,168814,78742,0
37250,32500,32405,82352,34973,32397,42168,54787,17537,22287,22382,27565,4918,9668,9763,40184,4853,103,8,49955,2277,2473,2568,47379,69750,164325,114757,0
115404,102414,105543,137054,104967,96505,109827,150494,35090,48080,44951,13440,5577,7413,4284,27227,18899,5909,9038,40549,10437,2553,576,32087,217818,461793,242597,0
90595,85899,88252,63764,88482,87934,83915,72543,18052,13356,15709,8779,6680,1984,4337,20151,2661,2035,318,24170,2113,2583,230,24718,176494,332874,152016,0
72889,70207,69837,110746,72027,65612,70732,49690,23199,20517,20147,61056,2157,525,895,40014,7277,4595,4225,45134,862,1820,2190,38719,143096,258061,180583,0
38896,40896,43270,34776,42446,41796,40426,48736,9840,7840,5466,13960,1530,470,2844,5650,2900,900,1474,7020,3550,1550,824,7670,79792,173404,78046,0
52686,52361,47886,31674,53185,51752,56555,87890,35204,35529,40004,56216,3869,4194,8669,24881,934,609,3866,20078,499,824,5299,21511,105047,249382,79560,0
74581,69438,65999,91849,71964,73166,71271,75690,1109,6252,9691,16159,3310,1833,5272,20578,1415,3728,7167,18683,2617,2526,5965,19885,144019,292091,157848,0
175064,169565,159318,226230,159894,168759,167503,170240,4824,675,10922,55990,7561,2062,8185,58727,6305,806,9441,57471,15170,9671,576,66336,344629,666396,385548,0
83718,71136,79941,83046,78417,83138,77538,142679,58961,71543,62738,59633,6180,6402,2403,5508,580,12002,3197,92,5301,7281,1524,4629,154854,381772,162987,0
1968,1913,1822,1252,1931,1970,2055,1038,930,875,784,214,87,142,233,803,2,57,148,718,37,18,109,679,3881,6994,3074,0
125856,118703,121591,107635,122749,129014,124362,113007,12849,5696,8584,5372,1494,5659,2771,16727,3158,10311,7423,21379,3107,4046,1158,15114,244559,489132,229226,0
60348,56503,61047,56153,63014,62942,60209,58011,2337,1508,3036,1858,139,3706,838,4056,2594,6439,1895,6789,2666,6511,1967,6861,116851,244176,117200,0
22783,22564,25438,49264,24279,23629,25237,48585,25802,26021,23147,679,2454,2673,201,24027,846,1065,1809,25635,1496,1715,1159,24985,45347,121730,74702,0
1968,1913,1822,1252,1931,1970,2055,1038,930,875,784,214,87,142,233,803,2,57,148,718,37,18,109,679,3881,6994,3074,0
43435,44582,38606,44999,42198,41532,41362,56864,13429,12282,18258,11865,2073,3220,2756,3637,1903,3050,2926,3467,1237,2384,3592,2801,88017,181956,83605,0
1968,1913,1822,1252,1931,1970,2055,1038,930,875,784,214,87,142,233,803,2,57,148,718,37,18,109,679,3881,6994,3074,0
11656,13683,10697,5467,14653,13231,11419,4449,7207,9234,6248,1018,237,2264,722,5952,1575,452,2534,7764,2997,970,3956,9186,25339,43752,16164,0
18656,18258,18206,11031,21034,18940,21277,32130,13474,13872,13924,21099,2621,3019,3071,10246,284,682,734,7909,2378,2776,2828,10003,36914,93381,29237,0
18379,19006,18550,25393,20125,19285,16556,18460,81,546,90,6933,1823,2450,1994,8837,906,279,735,6108,1746,1119,1575,5268,37385,74426,43943,0
24979,20317,23972,33889,22217,24064,22601,33349,8370,13032,9377,540,2378,2284,1371,11288,915,3747,92,9825,2762,1900,1755,11672,45296,102231,57861,0
195795,176801,161933,197243,175622,165530,167308,175148,20647,1653,13215,22095,28487,9493,5375,29935,30265,11271,3597,31713,20173,1179,13689,21621,372596,683608,359176,0
23068,22706,19982,15877,23426,22357,23874,29455,6387,6749,9473,13578,806,1168,3892,7997,711,349,2375,6480,358,720,3444,7549,45774,99112,35859,0
45693,48673,42230,49460,46288,51047,53150,73095,27402,24422,30865,23635,7457,4477,10920,3690,5354,2374,8817,1587,595,2385,4058,3172,94366,223580,91690,0
88494,92444,90242,97497,92304,92603,95932,138376,49882,45932,48134,40879,7438,3488,5690,1565,4109,159,2361,4894,3810,140,2062,5193,180938,419215,187739,0
12330,13687,17951,10849,19669,19190,22799,49324,36994,35637,31373,38475,10469,9112,4848,11950,6860,5503,1239,8341,7339,5982,1718,8820,26017,110982,28800,0
114647,110782,109167,100577,107677,112706,101635,181933,67286,71151,72766,81356,13012,9147,7532,1058,1941,1924,3539,12129,6970,3105,1490,7100,225429,503951,209744,0
132628,120211,121884,148831,126438,125471,124225,175352,42724,55141,53468,26521,8403,4014,2341,24606,7157,5260,3587,23360,6190,6227,4554,22393,252839,551486,270715,0
94671,90234,78348,64621,93426,93178,83380,90915,3756,681,12567,26294,11291,6854,5032,18759,1493,2944,14830,28557,1245,3192,15078,28805,184905,360899,142969,0
70665,68916,64170,83174,70833,68863,70312,57841,12824,11075,6329,25333,353,1396,6142,12862,1802,53,4693,14311,168,1917,6663,12341,139581,267849,147344,0
104338,96347,89567,91964,91345,86095,85225,92652,11686,3695,3085,688,19113,11122,4342,6739,18243,10252,3472,5869,12993,5002,1778,619,200685,355317,181531,0
23434,24759,19596,12199,24833,23786,20463,23870,436,889,4274,11671,2971,4296,867,8264,352,973,4190,11587,1399,74,5237,12634,48193,92952,31795,0
108283,106518,102812,152514,103073,103523,98697,148143,39860,41625,45331,4371,9586,7821,4115,53817,4760,2995,711,48991,5210,3445,261,49441,214801,453436,255326,0
80849,80004,75952,106949,80149,78855,84288,133056,52207,53052,57104,26107,3439,4284,8336,22661,1994,1149,2903,28094,700,145,4197,26800,160853,376348,182901,0
32247,31649,31006,22533,35208,33725,33184,32320,73,671,1314,9787,937,1535,2178,10651,1478,2076,2719,11192,2961,3559,4202,12675,63896,134437,53539,0
30681,26274,26355,35482,31876,28895,28816,7260,23421,19014,19095,28222,1865,2542,2461,6666,1786,2621,2540,6587,1195,5602,5521,3606,56955,96847,61837,0
69693,71291,65377,75314,66854,66658,74999,46512,23181,24779,18865,28802,5306,3708,9622,315,3035,4633,1281,8656,2839,4437,1477,8460,140984,255023,140691,0
31015,34072,29939,39847,35466,34627,37888,59178,28163,25106,29239,19331,6873,3816,7949,1959,3612,555,4688,5220,4451,1394,5527,4381,65087,167159,69786,0
18055,18633,17607,11392,19884,18346,15890,34629,16574,15996,17022,23237,2165,2743,1717,4498,291,287,739,6954,1829,1251,2277,8492,36688,88749,28999,0
27336,25567,23691,27179,26606,25336,25417,34136,6800,8569,10445,6957,1919,150,1726,1762,2000,231,1645,1843,730,1039,2915,573,52903,111495,50870,0
172858,155769,153675,172784,162267,167964,156845,242797,69939,87028,89122,70013,16013,1076,3170,15939,4894,12195,14289,4820,10591,6498,8592,10517,328627,729873,326459,0
41359,41438,34972,59188,38822,41220,37942,49410,8051,7972,14438,9778,3417,3496,2970,21246,139,218,6248,17968,2537,2616,3850,20366,82797,167394,94160,0
4043,4164,3905,1900,4621,4614,4627,1718,2325,2446,2187,182,584,463,722,2727,571,450,709,2714,578,457,716,2721,8207,15580,5805,0
70219,69859,70097,53199,71257,74222,74610,68868,1351,991,1229,15669,4391,4751,4513,21411,4003,4363,4125,21023,1038,1398,1160,18058,140078,288957,123296,0
43955,43164,44201,52801,47968,48235,51162,65685,21730,22521,21484,12884,7207,7998,6961,1639,4280,5071,4034,4566,4013,4804,3767,4833,87119,213050,97002,0
42554,46955,46633,47100,49656,52418,48978,52408,9854,5453,5775,5308,6424,2023,2345,1878,9864,5463,5785,5318,7102,2701,3023,2556,89509,203460,93733,0
107332,97796,101019,122964,102615,97627,101390,160123,52791,62327,59104,37159,5942,3594,371,21574,9705,169,3392,25337,4717,4819,1596,20349,205128,461755,223983,0
84571,82405,77961,99645,87455,83273,84262,114519,29948,32114,36558,14874,309,1857,6301,15383,1298,868,5312,16372,2884,5050,9494,12190,166976,369509,177606,0
71871,54525,65617,89050,79053,83433,95236,55823,16048,1298,9794,33227,23365,40711,29619,6186,11562,28908,17816,5617,7182,24528,13436,9997,126396,313545,154667,0
31316,31000,28470,19935,31407,30439,32665,14660,16656,16340,13810,5275,1349,1665,4195,12730,877,561,1969,10504,91,407,2937,11472,62316,109171,48405,0
70699,71169,64381,51285,66297,66247,61655,60015,10684,11154,4366,8730,9044,9514,2726,10370,4452,4922,1866,14962,4402,4872,1916,15012,141868,254214,115666,0
28607,28476,24994,20338,22636,25638,21860,10596,18011,17880,14398,9742,6747,6616,3134,1522,2969,2838,644,5300,5971,5840,2358,2298,57083,80730,45332,0
91714,84010,85649,93980,78757,77038,69123,102502,10788,18492,16853,8522,22591,14887,16526,24857,14676,6972,8611,16942,12957,5253,6892,15223,175724,327420,179629,0
50217,51419,48763,34948,51703,50005,52502,39228,10989,12191,9535,4280,2285,1083,3739,17554,212,1414,1242,15057,1486,284,2940,16755,101636,193438,83711,0
107138,106639,98771,146023,98384,99324,107188,85933,21205,20706,12838,60090,50,549,8417,38835,7814,7315,553,46699,8754,8255,387,47639,213777,390829,244794,0
106670,94437,96887,97689,99467,90956,91033,86369,20301,8068,10518,11320,15637,3404,5854,6656,15714,3481,5931,6733,7203,5030,2580,1778,201107,367825,194576,0
141411,126457,120420,139771,132552,130585,138994,152446,11035,25989,32026,12675,2417,12537,18574,777,10826,4128,10165,9186,8859,6095,12132,7219,267868,554577,260191,0
52540,55979,54740,55153,58337,51494,58133,64066,11526,8087,9326,8913,5593,2154,3393,2980,1046,4485,3246,3659,5797,2358,3597,3184,108519,232030,109893,0
26080,28191,25015,30482,28302,29479,27598,35233,9153,7042,10218,4751,1518,593,2583,2884,3399,1288,4464,1003,2222,111,3287,2180,54271,120612,55497,0
212391,198711,210769,166916,207999,216944,230969,199696,12695,985,11073,32780,18578,32258,20200,64053,4553,18233,6175,50028,4392,9288,2770,41083,411102,855608,377685,0
132853,118960,102951,78779,107014,106644,100998,81555,51298,37405,21396,2776,31855,17962,1953,22219,26209,12316,3693,27865,25839,11946,4063,28235,251813,396211,181730,0
103303,99384,97424,104033,102462,103729,101962,112639,9336,13255,15215,8606,1341,2578,4538,2071,426,4345,6305,304,841,3078,5038,1571,202687,420792,201457,0
117206,116744,114916,120288,115682,110265,112079,110882,6324,5862,4034,9406,5127,4665,2837,8209,6941,6479,4651,10023,1524,1062,766,4606,233950,448908,235204,0
115012,109086,103097,100782,106703,108963,110629,115148,136,6062,12051,14366,4383,1543,7532,9847,6049,123,5866,8181,8309,2383,3606,5921,224098,441443,203879,0
47948,43795,37152,83976,43510,39470,43076,99018,51070,55223,61866,15042,4872,719,5924,40900,8478,4325,2318,44506,4438,285,6358,40466,91743,225074,121128,0
63004,61455,58071,66469,61014,64770,62820,59364,3640,2091,1293,7105,184,1365,4749,3649,1766,3315,6699,1699,1990,441,2943,5455,124459,247968,124540,0
32455,33524,30698,32481,32834,33816,32205,46047,13592,12523,15349,13566,250,1319,1507,276,1361,292,3118,1335,379,690,2136,353,65979,144902,63179,0
92089,85880,96856,146455,92789,100759,92150,117660,25571,31780,20804,28795,61,6270,4706,54305,8670,14879,3903,45696,700,6909,4067,53666,177969,403358,243311,0
22092,19391,18511,10882,20817,19308,22512,54439,32347,35048,35928,43557,420,3121,4001,11630,2784,83,797,8426,1275,1426,2306,9935,41483,117076,29393,0
89230,85120,80669,76417,82522,87996,81068,98397,9167,13277,17728,21980,8162,4052,399,4651,1234,2876,7327,11579,6708,2598,1853,6105,174350,349983,157086,0
74537,70408,65176,105218,64179,64386,65187,120678,46141,50270,55502,15460,9350,5221,11,40031,10151,6022,790,40832,10358,6229,997,41039,144945,314430,170394,0
103122,104371,99271,121181,107446,106276,111231,156101,52979,51730,56830,34920,8109,6860,11960,9950,3154,1905,7005,14905,4324,3075,8175,13735,207493,481054,220452,0
168611,150911,133741,111626,159368,150714,163868,163459,5152,12548,29718,51833,4743,12957,30127,52242,17897,197,16973,39088,9243,8457,25627,47742,319522,637409,245367,0
53953,53213,46060,45672,52980,49556,50666,72478,18525,19265,26418,26806,3287,2547,4606,4994,4397,3657,3496,3884,973,233,6920,7308,107166,225680,91732,0
59323,56886,56534,51838,58037,59346,56657,42584,16739,14302,13950,9254,2666,229,123,4819,23,2460,2812,7508,1286,1151,1503,6199,116209,216624,108372,0
15727,14336,18727,18800,15337,19132,15662,16890,1163,2554,1837,1910,65,1326,3065,3138,3405,4796,405,332,390,1001,3390,3463,30063,67021,37527,0
159893,154017,135986,157366,145246,135278,129757,181809,21916,27792,45823,24443,30136,24260,6229,27609,24615,18739,708,22088,14647,8771,9260,12120,313910,592090,293352,0
54036,49076,41579,40175,42862,39582,45493,54430,394,5354,12851,14255,8543,3583,3914,5318,14454,9494,1997,593,11174,6214,1283,2687,103112,182367,81754,0
162775,150404,146970,195638,154613,151952,155776,247190,84415,96786,100220,51552,6999,5372,8806,39862,10823,1548,4982,43686,8162,4209,7643,41025,313179,709531,342608,0
173057,156141,151509,156851,154396,152699,144314,186626,13569,30485,35117,29775,28743,11827,7195,12537,20358,3442,1190,4152,18661,1745,2887,2455,329198,638035,308360,0
27233,24877,25411,14410,27227,26873,28186,29966,2733,5089,4555,15556,953,3309,2775,13776,360,1996,1462,12463,6,2350,1816,12817,52110,112252,39821,0
22350,20170,21342,14186,24271,21723,22654,20042,2308,128,1300,5856,304,2484,1312,8468,627,1553,381,7537,1921,4101,2929,10085,42520,88690,35528,0
177878,162583,135684,163973,160245,146967,151236,217915,40037,55332,82231,53942,26642,11347,15552,12737,30911,15616,11283,17006,17633,2338,24561,3728,340461,676363,299657,0
78692,67264,66227,112049,68258,63864,61083,78874,182,11610,12647,33175,17609,6181,5144,50966,14828,3400,2363,48185,10434,994,2031,43791,145956,272079,178276,0
53231,47546,43280,50329,49938,51954,48145,58837,5606,11291,15557,8508,5086,599,4865,2184,1277,4408,8674,1625,3293,2392,6658,391,100777,208874,93609,0
31710,31869,29083,19644,34630,35536,31941,70191,38481,38322,41108,50547,231,72,2858,12297,3826,3667,6453,15892,2920,2761,5547,14986,63579,172298,48727,0
112502,109539,108401,102374,110990,109936,111270,97076,15426,12463,11325,5298,1232,1731,2869,8896,2566,397,1535,7562,1512,1451,2589,8616,222041,429272,210775,0
37360,34460,31978,77253,38030,36723,34050,78799,41439,44339,46821,1546,3310,410,2072,43203,637,2263,4745,40530,670,3570,6052,39223,71820,187602,109231,0
69732,57882,51773,46395,60906,59223,55302,76023,6291,18141,24250,29628,14430,2580,3529,8907,10509,1341,7450,12828,8826,3024,9133,14511,127614,251454,98168,0
32027,31473,29070,24088,31667,30742,30851,40838,8811,9365,11768,16750,1176,622,1781,6763,1285,731,1672,6654,360,194,2597,7579,63500,134098,53158,0
70155,67350,62138,59951,59907,66708,63847,98915,28760,31565,36777,38964,6308,3503,1709,3896,3447,642,4570,6757,10248,7443,2231,44,137505,289377,122089,0
96203,80835,85594,109080,87373,81646,80391,86012,10191,5177,418,23068,15812,444,5203,28689,14557,811,3948,27434,8830,6538,1779,21707,177038,335422,194674,0
141263,129158,156968,186575,162295,157450,174052,160256,18993,31098,3288,26319,32789,44894,17084,12523,16187,28292,482,29125,21032,33137,5327,24280,270421,654053,343543,0
72135,69375,57462,76632,65619,62019,69273,85179,13044,15804,27717,8547,2862,102,11811,7359,10116,7356,4557,14613,6516,3756,8157,11013,141510,282090,134094,0
22944,22378,22597,24167,25231,24291,25115,9105,13839,13273,13492,15062,2171,2737,2518,948,1347,1913,1694,124,2287,2853,2634,1064,45322,83742,46764,0
19254,17808,13080,14246,16815,16712,16669,26651,7397,8843,13571,12405,2585,1139,3589,2423,2542,1096,3632,2466,2439,993,3735,2569,37062,76847,27326,0
57361,55652,42367,61797,57387,56294,62033,113959,56598,58307,71592,52162,4672,6381,19666,236,1067,642,13927,5503,26,1735,15020,4410,113013,289673,104164,0
89303,89636,81171,78288,83911,87305,81013,89033,270,603,7862,10745,8290,8623,158,2725,1998,2331,6134,9017,5392,5725,2740,5623,178939,341262,159459,0
9127,6891,6844,8653,7852,7349,7005,47352,38225,40461,40508,38699,2122,114,161,1648,1778,458,505,1304,1275,961,1008,801,16018,69558,15497,0
78700,78395,66433,116168,73337,67330,73243,85192,6492,6797,18759,30976,5457,5152,6810,42925,11370,11065,897,48838,5363,5058,6904,42831,157095,299102,182601,0
74616,69379,67898,64385,68275,71385,67929,75424,808,6045,7526,11039,6687,1450,31,3544,3231,2006,3487,7000,6341,1104,377,3890,143995,283013,132283,0
80307,78340,72617,75214,78846,76418,81706,66084,14223,12256,6533,9130,1399,3366,9089,6492,3889,1922,3801,1204,1461,506,6229,3632,158647,303054,147831,0
68559,70562,73018,114475,69282,67595,65488,102558,33999,31996,29540,11917,3071,5074,7530,48987,964,2967,5423,46880,723,1280,3736,45193,139121,304923,187493,0
144465,132997,129593,170932,134163,140096,128014,153987,9522,20990,24394,16945,16451,4983,1579,42918,4369,7099,10503,30836,10302,1166,4570,36769,277462,556260,300525,0
101033,102598,99405,78564,106329,103167,101475,134049,33016,31451,34644,55485,442,1123,2070,22911,2134,569,3762,24603,5296,3731,6924,27765,203631,445020,177969,0
64862,59435,60796,80899,72499,74592,70129,81548,16686,22113,20752,649,5267,10694,9333,10770,9730,15157,13796,6307,7637,13064,11703,8400,124297,298768,141695,0
43094,39007,39421,65417,41339,41915,41887,52455,9361,13448,13034,12962,1207,2880,2466,23530,1179,2908,2494,23502,1755,2332,1918,24078,82101,177596,104838,0
120799,113432,106877,93073,115085,109409,113003,118071,2728,4639,11194,24998,7796,429,6126,19930,11390,4023,2532,16336,5714,1653,8208,22012,234231,455568,199950,0
123547,121865,136995,101034,141875,126771,148508,152702,29155,30837,15707,51668,24961,26643,11513,47474,3224,4906,10224,25737,18328,20010,4880,40841,245412,569856,238029,0
144156,132296,141749,153029,144525,146898,156119,181131,36975,48835,39382,28102,11963,23823,14370,3090,2742,14602,5149,6131,369,12229,2776,8504,276452,628673,294778,0
126361,120752,106938,136418,122289,120301,118550,128131,1770,7379,21193,8287,7811,2202,11612,17868,6060,451,13363,16117,4072,1537,15351,14129,247113,489271,243356,0
24540,25411,23272,22542,26634,23914,24314,13359,11181,12052,9913,9183,226,1097,1042,1772,626,1497,642,1372,2094,1223,3362,4092,49951,88221,45814,0
1968,1913,1822,1252,1931,1970,2055,1038,930,875,784,214,87,142,233,803,2,57,148,718,37,18,109,679,3881,6994,3074,0
73985,72719,61462,62884,70931,66958,73570,109152,35167,36433,47690,46268,415,851,12108,10686,7027,5761,5496,4074,3054,1788,9469,8047,146704,320611,124346,0
125629,128661,122010,89804,123652,122904,125572,151951,26322,23290,29941,62147,57,3089,3562,35768,2725,5757,894,33100,1977,5009,1642,33848,254290,524079,211814,0
14891,16376,16529,16706,17330,18638,19802,30199,15308,13823,13670,13493,4911,3426,3273,3096,3747,2262,2109,1932,2439,954,801,624,31267,85969,33235,0
70645,62104,52603,58052,61967,58747,65196,80201,9556,18097,27598,22149,5449,3092,12593,7144,11898,3357,6144,695,8678,137,9364,3915,132749,266111,110655,0
2716,1824,3001,2588,2848,2372,3306,3899,1183,2075,898,1311,590,1482,305,718,344,548,629,216,132,1024,153,260,4540,12425,5589,0
105618,105782,95204,80797,105219,106258,104894,159490,53872,53708,64286,78693,724,888,9690,24097,640,476,11054,25461,399,563,10015,24422,211400,475861,176001,0
66808,69728,67734,64896,65918,65308,67367,129168,62360,59440,61434,64272,559,2361,367,2471,1500,4420,2426,412,890,3810,1816,1022,136536,327761,132630,0
71847,72201,73198,113592,59633,67190,59363,82450,10603,10249,9252,31142,12484,12838,13835,54229,4657,5011,6008,46402,12214,12568,13565,53959,144048,268636,186790,0
38780,42463,44261,49417,39907,40305,33319,39341,561,3122,4920,10076,5461,9144,10942,16098,1525,2158,3956,9112,1127,2556,4354,9510,81243,152872,93678,0
109090,109281,100689,111680,115586,109726,111964,71692,37398,37589,28997,39988,2874,2683,11275,284,636,445,9037,1954,6496,6305,14897,3906,218371,408968,212369,0
34965,33072,37246,49012,44221,35828,44812,77903,42938,44831,40657,28891,9847,11740,7566,4200,863,2756,1418,13184,9256,11149,6975,4791,68037,202764,86258,0
74508,64036,54775,47574,57263,57015,50043,31698,42810,32338,23077,15876,24465,13993,4732,2469,17493,7021,2240,9441,17245,6773,2488,9689,138544,196019,102349,0
68273,58787,67767,42477,72710,67461,68745,45245,23028,13542,22522,2768,472,9958,978,26268,812,8674,306,24984,4437,13923,4943,30233,127060,254161,110244,0
125868,112742,114460,157877,114076,109090,113562,171500,45632,58758,57040,13623,12306,820,898,44315,16778,3652,5370,48787,11792,1334,384,43801,238610,508228,272337,0
35928,35082,34233,26120,33335,33601,32885,16537,19391,18545,17696,9583,3043,2197,1348,6765,2327,1481,632,7481,2593,1747,898,7215,71010,116358,60353,0
152298,148844,141177,114639,147123,151413,149179,124208,28090,24636,16969,9569,3119,335,8002,34540,885,2569,10236,36774,5175,1721,5946,32484,301142,571923,255816,0
56505,51897,50475,81232,56298,52605,57327,104249,47744,52352,53774,23017,822,5430,6852,23905,3900,708,2130,28627,207,4401,5823,24934,108402,270479,131707,0
141880,124069,123110,140870,123401,127942,120905,168097,26217,44028,44987,27227,20975,3164,2205,19965,13938,3873,4832,12928,18479,668,291,17469,265949,540345,263980,0
33132,36667,33349,74531,38388,36128,36419,67029,33897,30362,33680,7502,3287,248,3070,38112,2996,539,2779,38403,5256,1721,5039,36143,69799,177964,107880,0
22910,18942,12480,26175,17907,15974,17925,44748,21838,25806,32268,18573,4985,1017,5445,8250,6936,2968,3494,10201,5003,1035,5427,8268,41852,96554,38655,0
178584,165160,156250,179161,164308,159813,167522,137241,41343,27919,19009,41920,11062,2362,11272,11639,18771,5347,3563,19348,14276,852,8058,14853,343744,628884,335411,0
71085,65308,56850,74975,58964,58015,62646,49690,21395,15618,7160,25285,8439,2662,5796,12329,13070,7293,1165,16960,12121,6344,2114,16011,136393,229315,131825,0
53206,47738,43299,39312,44222,47270,41437,27620,25586,20118,15679,11692,11769,6301,1862,2125,5936,468,3971,7958,8984,3516,923,4910,100944,160549,82611,0
133394,132101,112304,138043,127682,123930,129406,153393,19999,21292,41089,15350,3988,2695,17102,8637,9464,8171,11626,14113,5712,4419,15378,10361,265495,534411,250347,0
42433,31896,37160,65850,38928,38423,36610,15300,27133,16596,21860,50550,5823,4714,550,29240,4010,6527,1263,27427,3505,7032,1768,26922,74329,129261,103010,0
26169,31500,25822,17869,30794,30948,31230,66855,40686,35355,41033,48986,5061,270,5408,13361,4779,552,5126,13079,4625,706,4972,12925,57669,159827,43691,0
22557,25430,22105,17774,27719,27702,27764,28414,5857,2984,6309,10640,5207,2334,5659,9990,5145,2272,5597,9928,5162,2289,5614,9945,47987,111599,39879,0
55487,44089,48123,43291,50834,54155,45982,49653,5834,5564,1530,6362,9505,1893,2141,2691,1332,10066,6032,10864,4653,6745,2711,7543,99576,200624,91414,0
91265,90723,88349,112636,90920,88013,87331,89512,1753,1211,1163,23124,3934,3392,1018,25305,3252,2710,336,24623,345,197,2571,21716,181988,355776,200985,0
24874,26590,24014,12244,25235,24763,27560,17037,7837,9553,6977,4793,2686,970,3546,15316,111,1827,749,12519,361,1355,1221,12991,51464,94595,36258,0
19195,19638,17305,15573,17138,17519,14414,16798,2397,2840,507,1225,4781,5224,2891,1159,1676,2119,214,1946,2057,2500,167,1565,38833,65869,32878,0
6310,6909,6935,4690,7728,7604,7780,29469,23159,22560,22534,24779,1470,871,845,3090,1294,695,669,2914,1418,819,793,3038,13219,52581,11625,0
23075,27984,19201,23438,23390,20154,23265,22025,1050,5959,2824,1413,190,4719,4064,173,2921,7830,953,3284,315,4594,4189,48,51059,88834,42639,0
149771,167588,152386,134387,165423,167621,159262,162691,12920,4897,10305,28304,9491,8326,6876,24875,17850,33,15235,33234,15652,2165,13037,31036,317359,654997,286773,0
37215,39858,32873,38103,39567,33682,41036,34411,2804,5447,1538,3692,3821,1178,8163,2933,3533,6176,809,4421,2352,291,6694,1464,77073,148696,70976,0
144256,134386,137212,130776,144718,147091,141452,174209,29953,39823,36997,43433,2804,7066,4240,10676,2835,12705,9879,16315,462,10332,7506,13942,278642,607470,267988,0
34298,33923,36230,53537,41112,39411,38537,73391,39093,39468,37161,19854,4239,4614,2307,15000,5113,5488,3181,14126,6814,7189,4882,12425,68221,192451,89767,0
20692,22589,21366,54628,24347,22040,23910,75139,54447,52550,53773,20511,3218,1321,2544,30718,1348,549,674,32588,3655,1758,2981,30281,43281,145436,75994,0
104739,91022,90310,124138,93924,96451,91879,118122,13383,27100,27812,6016,12860,857,1569,32259,8288,5429,6141,27687,10815,2902,3614,30214,195761,400376,214448,0
52241,51852,64732,81324,39002,48138,55060,46153,6088,5699,18579,35171,2819,3208,9672,26264,4103,3714,16594,33186,13239,12850,25730,42322,104093,188353,146056,0
34847,34419,39713,40609,46669,30662,47395,63557,28710,29138,23844,22948,12548,12976,7682,6786,4185,3757,9051,9947,11822,12250,6956,6060,69266,188283,80322,0
13371,14137,13813,45111,14217,14602,15296,46475,33104,32338,32662,1364,1925,1159,1483,29815,1231,465,789,30509,846,80,404,30894,27508,90590,58924,0
3302,3174,3035,2126,3170,3239,3402,1850,1452,1324,1185,276,100,228,367,1276,63,65,204,1113,132,4,135,1044,6476,11661,5161,0
109679,111415,100856,85576,107126,110351,104998,84808,24871,26607,16048,768,4681,6417,4142,19422,672,1064,9495,24775,2553,4289,6270,21550,221094,407283,186432,0
67049,62453,61163,72002,59581,67108,63453,40155,26894,22298,21008,31847,3596,1000,2290,8549,59,4655,5945,4894,7468,2872,1582,12421,129502,230297,133165,0
1968,1913,1822,1252,1931,1970,2055,1038,930,875,784,214,87,142,233,803,2,57,148,718,37,18,109,679,3881,6994,3074,0
104082,104079,91844,84978,103169,92197,104887,171950,67868,67871,80106,86972,805,808,13043,19909,11885,11882,353,7219,913,910,11325,18191,208161,472203,176822,0
48427,42799,44423,42471,46286,46633,45697,19099,29328,23700,25324,23372,2730,2898,1274,3226,1794,3834,2210,4162,2141,3487,1863,3815,91226,157715,86894,0
76438,70846,67351,125648,67126,68336,69857,100803,24365,29957,33452,24845,6581,989,2506,55791,8102,2510,985,57312,9312,3720,225,58522,147284,306122,192999,0
48354,47926,48507,31436,51111,51718,48376,20492,27862,27434,28015,10944,22,450,131,16940,3364,3792,3211,20282,2757,3185,2604,19675,96280,171697,79943,0
91517,87218,81965,88853,85383,87339,86924,130447,38930,43229,48482,41594,4593,294,4959,1929,4178,121,5374,1514,6134,1835,3418,3470,178735,390093,170818,0
17995,18385,16430,13480,19607,19012,18863,44687,26692,26302,28257,31207,868,478,2433,5383,1017,627,2582,5532,1612,1222,3177,6127,36380,102169,29910,0
61076,61103,66955,75992,64296,62567,64583,74434,13358,13331,7479,1558,3507,3480,2372,11409,1491,1464,4388,13425,3220,3193,2659,11696,122179,265880,142947,0
58536,50985,52473,69572,54741,53712,59261,101156,42620,50171,48683,31584,725,8276,6788,10311,4824,2727,1239,15860,3795,3756,2268,14831,109521,268870,122045,0
88833,83725,87356,126697,89027,88072,87663,133423,44590,49698,46067,6726,1170,3938,307,39034,761,4347,716,38625,194,5302,1671,37670,172558,398185,214053,0
35133,31961,29666,29733,33856,33445,30666,19753,15380,12208,9913,9980,4467,1295,1000,933,1688,1484,3779,3712,1277,1895,4190,4123,67094,117720,59399,0
511,527,539,1397,586,560,702,536,25,9,3,861,191,175,163,695,49,33,21,837,75,59,47,811,1038,2384,1936,0
35609,30539,28101,50139,26532,25347,24792,47498,11889,16959,19397,2641,10817,5747,3309,25347,10262,5192,2754,24792,9077,4007,1569,23607,66148,124169,78240,0
1968,1913,1822,1252,1931,1970,2055,1038,930,875,784,214,87,142,233,803,2,57,148,718,37,18,109,679,3881,6994,3074,0
66405,75077,71360,51895,73825,72375,76215,50706,15699,24371,20654,1189,9810,1138,4855,24320,5970,2702,1015,20480,7420,1252,2465,21930,141482,273121,123255,0
152265,128275,136131,187837,136822,140978,137572,135549,16716,7274,582,52288,14693,9297,1441,50265,11287,12703,4847,46859,15443,8547,691,51015,280540,550921,323968,0
28987,34001,29688,20900,33533,32742,30608,43782,14795,9781,14094,22882,1621,3393,920,9708,3755,1259,3054,11842,4546,468,3845,12633,62988,140665,50588,0
69581,66886,66014,108067,57347,56589,63664,96579,26998,29693,30565,11488,5917,3222,2350,44403,12992,10297,9425,51478,12234,9539,8667,50720,136467,274179,174081,0
50390,41400,46691,44366,41993,48683,48170,39977,10413,1423,6714,4389,2220,6770,1479,3804,1707,7283,1992,4317,8397,593,4698,2373,91790,178823,91057,0
102820,96729,102694,101735,97706,107718,97224,107580,4760,10851,4886,5845,5596,495,5470,4511,4898,10989,5024,5983,5114,977,4988,4029,199549,410228,204429,0
97549,110336,86674,81850,100044,99757,102698,137780,40231,27444,51106,55930,5149,7638,16024,20848,2208,10579,13083,17907,2495,10292,13370,18194,207885,440279,168524,0
96935,94989,91283,132317,91485,96270,89156,99197,2262,4208,7914,33120,7779,5833,2127,43161,665,1281,4987,36047,5450,3504,202,40832,191924,376108,223600,0
71472,60268,63885,107482,68494,71064,66787,69210,2262,8942,5325,38272,4685,6519,2902,40695,408,10796,7179,36418,2978,8226,4609,38988,131740,275555,171367,0
105170,99876,101094,109618,104771,104490,107038,150707,45537,50831,49613,41089,1868,7162,5944,2580,680,4614,3396,5128,399,4895,3677,4847,205046,467006,210712,0
52553,46621,49540,54252,48676,51629,47196,88376,35823,41755,38836,34124,5357,575,2344,7056,924,5008,2089,2623,3877,2055,864,5576,99174,235877,103792,0
52209,46781,45745,74020,44844,47269,46358,48481,3728,1700,2736,25539,5851,423,613,27662,4940,488,1524,26751,7365,1937,901,29176,98990,186952,119765,0
139036,127399,115007,138161,123799,110897,118200,115226,23810,12173,219,22935,20836,9199,3193,19961,28139,16502,4110,27264,15237,3600,8792,14362,266435,468122,253168,0
159153,162764,144882,184204,153831,135591,153651,188330,29177,25566,43448,4126,5502,9113,8769,30553,23562,27173,9291,48613,5322,8933,8949,30373,321917,631403,329086,0
30714,32370,33824,18774,35198,34011,34993,40061,9347,7691,6237,21287,4279,2623,1169,16219,3297,1641,187,15237,4484,2828,1374,16424,63084,144263,52598,0
60705,57023,54828,74694,52336,49452,54004,51265,9440,5758,3563,23429,6701,3019,824,20690,11253,7571,5376,25242,8369,4687,2492,22358,117728,207057,129522,0
91524,90208,82037,75155,88290,83035,82842,65747,25777,24461,16290,9408,8682,7366,805,7687,8489,7173,998,7880,3234,1918,6253,13135,181732,319914,157192,0
79852,80508,75339,76508,72072,75391,71899,82874,3022,2366,7535,6366,7953,8609,3440,4609,4461,5117,52,1117,7780,8436,3267,4436,160360,302236,151847,0
21913,21819,18282,14805,20939,20084,21340,5809,16104,16010,12473,8996,573,479,3058,6535,1829,1735,1802,5279,974,880,2657,6134,43732,68172,33087,0
37524,28769,27143,70608,31437,34407,33130,60021,22497,31252,32878,10587,4394,4361,5987,37478,3117,5638,7264,36201,6087,2668,4294,39171,66293,158995,97751,0
189567,181168,169381,163600,185567,182760,187393,176409,13158,4759,7028,12809,2174,6225,18012,23793,6807,1592,13379,19160,4000,4399,16186,21967,370735,732129,332981,0
56250,54815,49394,37856,58118,54207,55829,52228,4022,2587,2834,14372,421,1014,6435,17973,2043,608,4813,16351,1868,3303,8724,20262,111065,220382,87250,0
50656,60537,52372,131214,54068,60945,55642,137878,87222,77341,85506,6664,4986,4895,3270,75572,10289,408,8573,70269,3412,6469,1696,77146,111193,308533,183586,0
142303,140755,134098,170584,143738,139237,131607,237140,94837,96385,103042,66556,10696,9148,2491,38977,3066,1518,5139,31347,1435,2983,9640,26846,283058,651722,304682,0
108285,113201,102662,128172,114921,113218,105985,118152,9867,4951,15490,10020,2300,7216,3323,22187,4933,17,10556,14954,6636,1720,12259,13251,221486,452276,230834,0
52691,52952,53392,35682,48154,51406,45971,18903,33788,34049,34489,16779,6720,6981,7421,10289,1285,1546,1986,15724,4537,4798,5238,12472,105643,164434,89074,0
76972,75268,81589,73496,77549,75255,77948,71661,5311,3607,9928,1835,976,2680,3641,4452,1717,13,6334,1759,577,2281,4040,4053,152240,302413,155085,0
38072,35750,27659,24499,33220,31862,33787,22889,15183,12861,4770,1610,4285,1963,6128,9288,6210,3888,4203,7363,4852,2530,5561,8721,73822,121758,52158,0
179804,179043,173974,162126,198582,188510,184697,195176,15372,16133,21202,33050,4893,5654,10723,22571,8706,9467,14536,26384,18778,19539,24608,36456,358847,766965,336100,0
62306,66657,59281,44519,57538,61496,55656,55535,6771,11122,3746,11016,6650,11001,3625,11137,810,5161,2215,16977,4768,9119,1743,13019,128963,230225,103800,0
56473,59816,52759,70910,55407,51720,51802,116809,60336,56993,64050,45899,4671,8014,957,19108,4753,8096,1039,19190,1066,4409,2648,15503,116289,275738,123669,0
109556,113153,106291,123890,112499,119571,113930,180861,71305,67708,74570,56971,4374,777,7639,9960,10015,6418,13280,4319,2943,654,6208,11391,222709,526861,230181,0
129946,124760,119551,111315,119658,127036,124863,143378,13432,18618,23827,32063,5083,103,5312,13548,2910,2276,7485,15721,10288,5102,107,8343,254706,514935,230866,0
66565,71584,65629,46626,71189,67342,77723,164804,98239,93220,99175,118178,11158,6139,12094,31097,777,4242,1713,20716,4624,395,5560,24563,138149,381058,112255,0
44296,47230,40949,35972,45157,45733,42847,94458,50162,47228,53509,58486,1449,4383,1898,6875,1437,1497,4784,9761,861,2073,4208,9185,91526,228195,76921,0
46356,46846,39281,37337,46209,44797,45295,45868,488,978,6587,8531,1061,1551,6014,7958,1559,2049,5516,7460,147,637,6928,8872,93202,182169,76618,0
63499,55114,51423,63930,51747,54558,47211,48489,15010,6625,2934,15441,16288,7903,4212,16719,8941,556,3135,9372,11752,3367,324,12183,118613,202005,115353,0
38481,36601,29763,57445,30538,34633,33834,46165,7684,9564,16402,11280,4647,2767,4071,23611,3848,1968,4870,22812,7943,6063,775,26907,75082,145170,87208,0
19587,15996,19602,12213,20767,20558,21311,24243,4656,8247,4641,12030,1724,5315,1709,9098,971,4562,956,8345,1180,4771,1165,8554,35583,86879,31815,0
134908,123019,129824,174183,129698,130690,128236,157096,22188,34077,27272,17087,6672,5217,1588,45947,4218,7671,866,43493,5210,6679,126,44485,257927,545720,304007,0
104604,90687,85406,82835,92519,87657,84544,96091,8513,5404,10685,13256,20060,6143,862,1709,16947,3030,2251,4822,12085,1832,7113,9684,195291,360811,168241,0
2499,2763,2402,5043,2336,2395,2266,919,1580,1844,1483,4124,233,497,136,2777,104,368,7,2648,163,427,66,2707,5262,7916,7445,0
27685,30501,28759,35446,31204,29301,30646,64752,37067,34251,35993,29306,2961,145,1887,4800,1616,1200,542,6145,3519,703,2445,4242,58186,155903,64205,0
118561,118868,116000,118571,124352,123725,127683,124008,5447,5140,8008,5437,9122,8815,11683,9112,5164,4857,7725,5154,5791,5484,8352,5781,237429,499768,234571,0
11859,12239,10206,18004,11627,10673,10495,4338,7521,7901,5868,13666,1364,1744,289,7509,1186,1566,467,7331,232,612,1421,6377,24098,37133,28210,0
97140,95063,89774,95980,95745,92520,86470,80404,16736,14659,9370,15576,10670,8593,3304,9510,4620,2543,2746,3460,1395,682,5971,235,192203,355139,185754,0
76211,72883,64233,97643,74143,72464,69991,79414,3203,6531,15181,18229,6220,2892,5758,27652,3747,419,8231,25179,2068,1260,9910,23500,149094,296012,161876,0
2413,2076,2173,1632,2101,2274,2241,1155,1258,921,1018,477,172,165,68,609,139,198,101,642,312,25,72,469,4489,7771,3805,0
77856,74859,63870,111221,68434,66306,62562,63710,14146,11149,160,47511,15294,12297,1308,48659,11550,8553,2436,44915,9422,6425,4564,42787,152715,261012,175091,0
107376,107077,98746,129175,100782,105397,99188,152016,44640,44939,53270,22841,8188,7889,442,29987,1979,1680,6651,23778,6594,6295,2036,28393,214453,457383,227921,0
51375,50132,49192,52110,50510,50462,49676,76614,25239,26482,27422,24504,1699,456,484,2434,913,330,1270,1648,865,378,1318,1600,101507,227262,101302,0
89512,97105,94710,87352,100989,92699,102468,105552,16040,8447,10842,18200,12956,5363,7758,15116,3187,4406,2011,5347,11477,3884,6279,13637,186617,401708,182062,0
42980,35798,40081,43265,45929,46359,42357,54504,11524,18706,14423,11239,623,6559,2276,908,3379,10561,6278,3094,2949,10131,5848,2664,78778,189149,83346,0
56862,54098,53960,55156,54452,53224,53791,72278,15416,18180,18318,17122,3071,307,169,1365,3638,874,736,1932,2410,354,492,704,110960,233745,109116,0
40291,35853,37230,67073,34340,37192,36509,53456,13165,17603,16226,13617,3782,656,721,30564,3099,1339,38,29881,5951,1513,2890,32733,76144,161497,104303,0
39100,54774,42736,62034,43338,39935,52685,90628,51528,35854,47892,28594,13585,2089,9949,9349,835,14839,2801,22099,4238,11436,602,18696,93874,226586,104770,0
184223,180948,153428,171559,165533,169046,175778,132542,51681,48406,20886,39017,8445,5170,22350,4219,15177,11902,15618,2513,18690,15415,12105,6026,365171,642899,324987,0
104489,97802,89251,107106,104000,97922,94982,137922,33433,40120,48671,30816,9507,2820,5731,12124,6567,120,8671,9184,489,6198,14749,3106,202291,434826,196357,0
64385,58545,56725,74730,62751,60542,58872,92046,27661,33501,35321,17316,5513,327,2147,15858,3843,1997,3817,14188,1634,4206,6026,11979,122930,274211,131455,0
101547,114960,84684,93862,99322,91882,91453,175879,74332,60919,91195,82017,10094,23507,6769,2409,9665,23078,7198,1980,2225,15638,14638,5460,216507,458536,178546,0
11625,13063,10260,7380,11667,10910,10768,5518,6107,7545,4742,1862,857,2295,508,3388,715,2153,650,3530,42,1396,1407,4287,24688,38863,17640,0
7291,8160,6942,3984,8477,8270,7889,2901,4390,5259,4041,1083,598,271,947,3905,979,110,1328,4286,1186,317,1535,4493,15451,27537,10926,0
34984,36160,36611,31347,37847,36180,37268,36574,1590,414,37,5227,2284,1108,657,5921,1196,20,431,4833,2863,1687,1236,6500,71144,147869,67958,0
158804,132972,133876,147548,145363,145043,136135,213463,54659,80491,79587,65915,22669,3163,2259,11413,13761,12071,11167,2505,13441,12391,11487,2185,291776,640004,281424,0
3302,3174,3035,2126,3170,3239,3402,1850,1452,1324,1185,276,100,228,367,1276,63,65,204,1113,132,4,135,1044,6476,11661,5161,0
40110,27337,36411,26081,36190,41371,40560,73783,33673,46446,37372,47702,450,13223,4149,14479,1261,14034,4960,15290,3920,8853,221,10109,67447,191904,62492,0
113486,121255,108722,95290,116486,110034,115783,152406,38920,31151,43684,57116,2297,5472,7061,20493,3452,11221,1312,14744,3000,4769,7764,21196,234741,494709,204012,0
1680,1487,1295,1566,1385,1210,1603,750,930,737,545,816,77,116,308,37,470,277,85,356,295,102,90,181,3167,4948,2861,0
48292,50498,41636,37500,45396,38782,43389,24889,23403,25609,16747,12611,4903,7109,1753,5889,9510,11716,2854,1282,2896,5102,3760,7896,98790,152456,79136,0
153995,145396,151867,154959,140904,136118,142415,157605,3610,12209,5738,2646,11580,2981,9452,12544,17877,9278,15749,18841,13091,4492,10963,14055,299391,577042,306826,0
46287,41367,41051,37617,40885,41628,38321,35770,10517,5597,5281,1847,7966,3046,2730,704,4659,261,577,4011,5402,482,166,3268,87654,156604,78668,0
74068,67660,72538,131415,66676,72527,69066,121053,46985,53393,48515,10362,5002,1406,3472,62349,1541,4867,11,58888,7392,984,5862,64739,141728,329322,203953,0
46485,46822,45088,45535,46540,43691,43152,38457,8028,8365,6631,7078,3333,3670,1936,2383,2794,3131,1397,1844,55,282,1452,1005,93307,171840,90623,0
109886,89825,104630,119336,115260,120720,120392,84049,25837,5776,20581,35287,10506,30567,15762,1056,10834,30895,16090,1384,5374,25435,10630,4076,199711,440421,223966,0
73962,76823,78464,95901,81695,72929,81599,112070,38108,35247,33606,16169,7637,4776,3135,14302,1033,3894,5535,22972,7733,4872,3231,14206,150785,348293,174365,0
35705,37051,35829,21441,36737,35802,36402,70214,34509,33163,34385,48773,697,649,573,14961,97,1249,27,14361,1032,314,908,15296,72756,179155,57270,0
21799,25474,20964,23535,22714,21825,20538,51954,30155,26480,30990,28419,1261,4936,426,2997,26,3649,861,1710,915,2760,1750,821,47273,117031,44499,0
80902,80563,75503,88526,79209,75343,77893,122616,41714,42053,47113,34090,3009,2670,2390,10633,5559,5220,160,13183,1693,1354,3706,9317,161465,355061,164029,0
57875,51606,62678,71935,57365,59556,57102,108663,50788,57057,45985,36728,773,5496,5576,14833,1681,7950,3122,12379,510,5759,5313,14570,109481,282686,134613,0
120632,108373,109607,157777,108401,106755,95277,198202,77570,89829,88595,40425,25355,13096,14330,62500,13877,1618,2852,51022,12231,28,1206,49376,229005,508635,267384,0
134573,116488,118304,133620,127200,133230,134472,103755,30818,12733,14549,29865,101,17984,16168,852,1343,16742,14926,390,7373,10712,8896,6420,251061,498657,251924,0
79797,70633,58556,103741,68382,61288,68058,112134,32337,41501,53578,8393,11739,2575,9502,35683,18509,9345,2732,42453,11415,2251,9826,35359,150430,309862,162297,0
96305,94869,96338,76565,107454,98322,110931,113181,16876,18312,16843,36616,14626,16062,14593,34366,2017,3453,1984,21757,11149,12585,11116,30889,191174,429888,172903,0
125511,115869,115841,141357,111319,116909,111652,121968,3543,6099,6127,19389,13859,4217,4189,29705,8602,1040,1068,24448,14192,4550,4522,30038,241380,461848,257198,0
41663,38033,38686,47337,40093,40495,40189,56443,14780,18410,17757,9106,1474,2156,1503,7148,1168,2462,1809,6842,1570,2060,1407,7244,79696,177220,86023,0
69054,66060,70098,83665,70971,71567,74956,92640,23586,26580,22542,8975,5902,8896,4858,8709,2513,5507,1469,12098,1917,4911,873,12694,135114,310134,153763,0
54641,47364,51073,75104,54153,53114,50408,97918,43277,50554,46845,22814,4233,3044,665,24696,1527,5750,2041,21990,488,6789,3080,20951,102005,255593,126177,0
165592,162504,153026,158632,159182,161873,154921,145997,19595,16507,7029,12635,10671,7583,1895,3711,3719,631,8847,3241,6410,3322,6156,550,328096,621973,311658,0
26068,24964,25061,29129,26239,22820,22464,28703,2635,3739,3642,426,3604,2500,2597,6665,3248,2144,2241,6309,171,1275,1178,2890,51032,100226,54190,0
113004,128511,134240,79475,135635,132390,147981,147665,34661,19154,13425,68190,34977,19470,13741,68506,19386,3879,1850,52915,22631,7124,1395,56160,241515,563671,213715,0
35072,30295,31559,23469,31465,31816,30806,15705,19367,14590,15854,7764,4266,511,753,7337,3256,1521,257,8347,3607,1170,94,7996,65367,109792,55028,0
16064,16289,18010,9425,21857,20617,25143,40813,24749,24524,22803,31388,9079,8854,7133,15718,4553,4328,2607,11192,5793,5568,3847,12432,32353,108430,27435,0
83746,87469,71901,109374,82927,76894,71102,151012,67266,63543,79111,41638,12644,16367,799,38272,6852,10575,4993,32480,819,4542,11026,26447,171215,381935,181275,0
106038,90026,100182,92741,97593,97771,92200,89156,16882,870,11026,3585,13838,2174,7982,541,8267,7745,2411,5030,8445,7567,2589,4852,196064,376720,192923,0
35275,37820,31735,25108,36112,33318,33282,11126,24149,26694,20609,13982,1993,4538,1547,8174,1957,4502,1583,8210,837,1708,4377,11004,73095,113838,56843,0
121792,107581,118260,89221,112103,117297,109254,136289,14497,28708,18029,47068,12538,1673,9006,20033,4495,9716,963,28076,9689,4522,6157,22882,229373,474943,207481,0
15782,15555,15086,30691,13954,13861,14154,20945,5163,5390,5859,9746,1628,1401,932,16537,1921,1694,1225,16830,1828,1601,1132,16737,31337,62914,45777,0
22944,22378,22597,24167,25231,24291,25115,9105,13839,13273,13492,15062,2171,2737,2518,948,1347,1913,1694,124,2287,2853,2634,1064,45322,83742,46764,0
11423,12791,17264,18769,18018,23156,20289,22237,10814,9446,4973,3468,8866,7498,3025,1520,11733,10365,5892,4387,6595,5227,754,751,24214,83700,36033,0
43812,41003,43552,22925,47056,44774,48080,35556,8256,5447,7996,12631,4268,7077,4528,25155,962,3771,1222,21849,3244,6053,3504,24131,84815,175466,66477,0
77029,78253,72874,81798,75554,73490,72961,69994,7035,8259,2880,11804,4068,5292,87,8837,3539,4763,616,8308,1475,2699,2680,6244,155282,291999,154672,0
81089,76803,81887,126360,83229,84772,84145,116296,35207,39493,34409,10064,3056,7342,2258,42215,3683,7969,2885,41588,2140,6426,1342,43131,157892,368442,208247,0
75163,78480,71743,121944,77469,78904,78099,146576,71413,68096,74833,24632,2936,381,6356,43845,3741,424,7161,43040,2306,1011,5726,44475,153643,381048,193687,0
57987,55473,48935,101553,49708,56092,51617,48419,9568,7054,516,53134,6370,3856,2682,49936,1895,619,7157,45461,8279,5765,773,51845,113460,205836,150488,0
81484,66076,78149,71496,76549,79694,70946,129817,48333,63741,51668,58321,10538,4870,7203,550,1790,13618,1545,8198,4935,10473,1600,5053,147560,357006,149645,0
85719,84535,80164,93127,89591,89059,83746,87518,1799,2983,7354,5609,1973,789,3582,9381,3340,4524,8895,4068,3872,5056,9427,3536,170254,349914,173291,0
78404,79016,79807,69270,81755,83528,82904,80541,2137,1525,734,11271,4500,3888,3097,13634,5124,4512,3721,14258,3351,2739,1948,12485,157420,328728,149077,0
169297,164025,144493,150678,159550,155642,154693,71639,97658,92386,72854,79039,14604,9332,10200,4015,13655,8383,11149,4964,9747,4475,15057,8872,333322,541524,295171,0
56231,49072,45003,68013,50200,49566,51169,64660,8429,15588,19657,3353,5062,2097,6166,16844,6665,494,4563,18447,6031,1128,5197,17813,105303,215595,113016,0
36985,40165,35894,35804,36612,35608,36684,32391,4594,7774,3503,3413,301,3481,790,880,1377,4557,286,196,373,3553,718,808,77150,141295,71698,0
122651,118970,117525,196344,128376,130380,133931,227619,104968,108649,110094,31275,11280,14961,16406,62413,7729,11410,12855,65964,5725,9406,10851,67968,241621,620306,313869,0
108486,110405,97635,113495,100208,104224,105491,98181,10305,12224,546,15314,2995,4914,7856,8004,4262,6181,6589,9271,8278,10197,2573,13287,218891,408104,211130,0
102377,90517,93041,96104,94715,101126,96810,83573,18804,6944,9468,12531,5567,6293,3769,706,1251,10609,8085,5022,7662,4198,1674,1389,192894,376224,189145,0
161631,146321,145850,134340,155257,155977,154763,131044,30587,15277,14806,3296,6868,8442,8913,20423,5654,9656,10127,21637,6374,8936,9407,20917,307952,597041,280190,0
165943,161486,155961,147819,172900,164874,171045,133995,31948,27491,21966,13824,5102,9559,15084,23226,1069,3388,8913,17055,6957,11414,16939,25081,327429,642814,303780,0
32222,32231,24067,22120,30556,27287,27256,14762,17460,17469,9305,7358,4966,4975,3189,5136,4935,4944,3220,5167,1666,1675,6489,8436,64453,99861,46187,0
73874,78536,77987,114191,78747,80249,79436,120829,46955,42293,42842,6638,5562,900,1449,34755,6375,1713,2262,33942,4873,211,760,35444,152410,359261,192178,0
73956,86428,79152,57994,85229,71667,73042,125609,51653,39181,46457,67615,914,13386,6110,15048,2289,14761,7485,13673,11273,1199,6077,27235,160384,355547,137146,0
23120,23442,21831,22870,23705,24048,22830,49695,26575,26253,27864,26825,290,612,999,40,928,606,2217,1178,585,263,1874,835,46562,120278,44701,0
88524,88850,79076,87952,92445,88231,89301,75947,12577,12903,3129,12005,777,451,10225,1349,293,619,9155,279,3921,3595,13369,4493,177374,345924,167028,0
39790,41242,38860,34864,40113,41358,38033,18318,21472,22924,20542,16546,1757,3209,827,3169,1568,116,2498,6494,323,1129,1253,5249,81032,137822,73724,0
38266,37566,33049,37049,40099,38163,39186,42586,4320,5020,9537,5537,920,1620,6137,2137,103,597,5114,1114,1833,2533,7050,3050,75832,160034,70098,0
155269,142091,149879,177066,155386,160434,159724,177312,22043,35221,27433,246,4455,17633,9845,17342,5165,18343,10555,16632,117,13295,5507,21680,297360,652856,326945,0
18753,19463,19647,8134,22661,22471,22112,34297,15544,14834,14650,26163,3359,2649,2465,13978,3718,3008,2824,14337,3908,3198,3014,14527,38216,101541,27781,0
102750,108110,99455,99741,97929,100217,105172,165024,62274,56914,65569,65283,2422,2938,5717,5431,2533,7893,762,476,4821,10181,1526,1812,210860,468342,199196,0
56705,50116,49541,64651,51167,52052,48494,78631,21926,28515,29090,13980,8211,1622,1047,16157,4653,1936,2511,12599,5538,1051,1626,13484,106821,230344,114192,0
66231,68905,60783,59617,65513,72963,61092,68152,1921,753,7369,8535,5139,7813,309,1475,6732,4058,12180,13346,718,3392,4730,5896,135136,267720,120400,0
31230,28478,26335,17443,28173,28652,27395,34572,3342,6094,8237,17129,3835,1083,1060,9952,2578,174,2317,11209,3057,305,1838,10730,59708,118792,43778,0
25795,26058,20188,49014,26045,24001,23646,24323,1472,1735,4135,24691,2149,2412,3458,25368,1794,2057,3813,25013,250,13,5857,22969,51853,98015,69202,0
71587,70121,74079,68624,69803,71056,70003,60612,10975,9509,13467,8012,1584,118,4076,1379,531,935,3023,2432,1784,318,4276,1179,141708,271474,142703,0
171824,151322,170979,138075,167306,167982,164518,137931,33893,13391,33048,144,7306,13196,6461,26443,3842,16660,2997,29907,4518,15984,3673,29231,323146,637737,309054,0
105506,87586,98349,109904,90431,100571,84197,116326,10820,28740,17977,6422,21309,3389,14152,25707,4935,12985,2222,9333,15075,2845,7918,19473,193092,391525,208253,0
99358,97463,90066,111646,89027,93575,86748,100844,1486,3381,10778,10802,12610,10715,3318,24898,5783,3888,3509,18071,10331,8436,1039,22619,196821,370194,201712,0
38521,36639,44434,51468,45979,42846,47703,59771,21250,23132,15337,8303,9182,11064,3269,3765,4325,6207,1588,8622,7458,9340,1545,5489,75160,196299,95902,0
50322,45849,39447,28820,41053,39712,36479,38127,12195,7722,1320,9307,13843,9370,2968,7659,10610,6137,265,10892,9269,4796,1606,12233,96171,155371,68267,0
52694,47575,48016,35360,47269,45181,46437,32701,19993,14874,15315,2659,6257,1138,1579,11077,7513,2394,2835,9821,5425,306,747,11909,100269,171588,83376,0
35835,33831,30539,50701,35316,33657,34082,55373,19538,21542,24834,4672,1753,251,3543,16619,2178,174,3118,17044,519,1485,4777,15385,69666,158428,81240,0
73576,75821,68687,65139,78118,74684,69813,59973,13603,15848,8714,5166,3763,6008,1126,4674,1108,1137,5997,9545,4542,2297,9431,12979,149397,282588,133826,0
125273,120131,125383,182240,118230,114971,122134,170067,44794,49936,44684,12173,3139,2003,3249,60106,10302,5160,10412,67269,7043,1901,7153,64010,245404,525402,307623,0
125713,123943,110413,136298,109989,109424,101239,121965,3748,1978,11552,14333,24474,22704,9174,35059,16289,14519,989,26874,15724,13954,424,26309,249656,442617,246711,0
29651,26428,28195,38816,30430,28134,28783,53887,24236,27459,25692,15071,868,2355,588,10033,1517,1706,61,10682,779,4002,2235,8386,56079,141234,67011,0
147228,128259,136488,145139,140181,136110,128752,151074,3846,22815,14586,5935,18476,493,7736,16387,11118,7851,378,9029,7047,11922,3693,4958,275487,556117,281627,0
63350,68451,67057,105523,67416,66872,69830,125386,62036,56935,58329,19863,6480,1379,2773,35693,3522,1579,185,38651,4066,1035,359,38107,131801,329504,172580,0
129691,126298,100451,114023,114897,103980,97972,153081,23390,26783,52630,39058,31719,28326,2479,16051,25711,22318,3529,10043,14794,11401,14446,874,255989,469930,214474,0
151689,144249,129976,145198,138681,137611,122361,153094,1405,8845,23118,7896,29328,21888,7615,22837,14078,6638,7635,7587,13008,5568,8705,6517,295938,551747,275174,0
35018,37261,37947,57826,38976,34463,37704,44329,9311,7068,6382,13497,2686,443,243,20122,555,2798,3484,23363,3958,1715,1029,18850,72279,155472,95773,0
33822,33742,34813,26587,34236,35277,33228,43620,9798,9878,8807,17033,594,514,1585,6641,1455,1535,464,8690,414,494,577,7649,67564,146361,61400,0
210265,188522,178302,227634,194854,187292,175316,215604,5339,27082,37302,12030,34949,13206,2986,52318,22973,1230,8990,40342,15411,6332,16552,32780,398787,773066,405936,0
120346,117011,115966,115623,119440,117532,116194,125005,4659,7994,9039,9382,4152,817,228,571,2814,521,1566,1909,906,2429,3474,3817,237357,478171,231589,0
83106,70566,71449,92979,71225,74137,70792,84947,1841,14381,13498,8032,12314,226,657,22187,8969,3571,2688,18842,11881,659,224,21754,153672,301101,164428,0
1968,1913,1822,1252,1931,1970,2055,1038,930,875,784,214,87,142,233,803,2,57,148,718,37,18,109,679,3881,6994,3074,0
157767,142222,138980,159760,142071,158358,143653,116577,41190,25645,22403,43183,14114,1431,4673,16107,591,16136,19378,1402,15696,151,3091,17689,299989,560659,298740,0
124963,110269,103220,134733,114860,114546,117378,92603,32360,17666,10617,42130,7585,7109,14158,17355,10417,4277,11326,20187,10103,4591,11640,19873,235232,439387,237953,0
159586,143121,137040,179648,141438,142100,110606,188642,29056,45521,51602,8994,48980,32515,26434,69042,17486,1021,5060,37548,18148,1683,4398,38210,302707,582786,316688,0
163776,165623,161220,185998,174293,175093,180551,175370,11594,9747,14150,10628,16775,14928,19331,5447,11317,9470,13873,10905,10517,8670,13073,11705,329399,705307,347218,0
119230,117379,113019,115546,116586,114950,117659,155528,36298,38149,42509,39982,1571,280,4640,2113,4280,2429,1931,596,2644,793,3567,1040,236609,504723,228565,0
96627,91335,92175,92754,98573,99440,92083,110095,13468,18760,17920,17341,4544,748,92,671,2813,8105,7265,6686,1946,7238,6398,5819,187962,400191,184929,0
100046,92103,87186,95529,99522,97940,95976,84379,15667,7724,2807,11150,4070,3873,8790,447,2106,5837,10754,2411,524,7419,12336,3993,192149,377817,182715,0
91463,80892,86709,154990,83973,86744,86397,138886,47423,57994,52177,16104,5066,5505,312,68593,4719,5852,35,68246,7490,3081,2736,71017,172355,396000,241699,0
111981,106288,102903,83819,112585,113677,109799,133394,21413,27106,30491,49575,2182,3511,6896,25980,1696,7389,10774,29858,604,6297,9682,28766,218269,469455,186722,0
29279,31394,26256,22389,31072,30529,31767,41756,12477,10362,15500,19367,2488,373,5511,9378,1250,865,4273,8140,1793,322,4816,8683,60673,135124,48645,0
126425,98499,73134,104452,97537,92611,106304,131429,5004,32930,58295,26977,20121,7805,33170,1852,33814,5888,19477,11841,28888,962,24403,6915,224924,427881,177586,0
148634,141143,133224,133595,136766,142242,135272,159453,10819,18310,26229,25858,13362,5871,2048,1677,6392,1099,9018,8647,11868,4377,3542,3171,289777,573733,266819,0
223206,205310,193020,226747,208977,198853,186977,210745,12461,5435,17725,16002,36229,18333,6043,39770,24353,6457,5833,27894,14229,3667,15957,17770,428516,805552,419767,0
17257,15774,17237,22323,15510,15339,15847,29959,12702,14185,12722,7636,1410,73,1390,6476,1918,435,1898,6984,1747,264,1727,6813,33031,76655,39560,0
26460,25713,25420,21615,28491,23594,25935,14594,11866,11119,10826,7021,525,222,515,4320,2866,2119,1826,1979,2031,2778,3071,6876,52173,92614,47035,0
156650,157882,148376,184803,150239,140882,153179,156847,197,1035,8471,27956,3471,4703,4803,31624,15768,17000,7494,43921,6411,7643,1863,34564,314532,601147,333179,0
135112,131434,133175,138167,151422,133324,153052,160540,25428,29106,27365,22373,17940,21618,19877,14885,1788,1890,149,4843,16310,19988,18247,13255,266546,598338,271342,0
150746,127893,138525,130616,149098,149909,138938,129448,21298,1555,9077,1168,11808,11045,413,8322,837,22016,11384,19293,1648,21205,10573,18482,278639,567393,269141,0
158572,141491,132759,163479,135780,143949,135448,193962,35390,52471,61203,30483,23124,6043,2689,28031,14623,2458,11190,19530,22792,5711,3021,27699,300063,609139,296238,0
19883,16492,19496,15360,21374,18752,20006,29823,9940,13331,10327,14463,123,3514,510,4646,1131,2260,744,3392,1491,4882,1878,6014,36375,89955,34856,0
68530,83559,71543,78652,68765,66546,77752,95698,27168,12139,24155,17046,9222,5807,6209,900,1984,17013,4997,12106,235,14794,2778,9887,152089,308761,150195,0
67639,49577,59980,66375,67470,64378,70521,38831,28808,10746,21149,27544,2882,20944,10541,4146,3261,14801,4398,1997,169,17893,7490,1095,117216,241200,126355,0
32729,32859,35782,31224,35516,35720,36860,37704,4975,4845,1922,6480,4131,4001,1078,5636,2991,2861,62,4496,2787,2657,266,4292,65588,145800,67006,0
126525,112367,100779,149139,100461,109518,97044,145102,18577,32735,44323,4037,29481,15323,3735,52095,17007,2849,8739,39621,26064,11906,318,48678,238892,452125,249918,0
153008,138648,133257,173954,153151,144226,148911,122367,30641,16281,10890,51587,4097,10263,15654,25043,8782,5578,10969,29728,143,14503,19894,20803,291656,568655,307211,0
78708,67962,80526,97404,72385,76111,74219,156159,77451,88197,75633,58755,4489,6257,6307,23185,2597,8149,4415,21293,6323,4423,8141,25019,146670,378874,177930,0
80025,74191,71372,99628,81743,78548,86412,73631,6394,560,2259,25997,6387,12221,15040,13216,1477,4357,7176,21080,1718,7552,10371,17885,154216,320334,171000,0
61017,60387,53683,71762,54938,52197,54619,85010,23993,24623,31327,13248,6398,5768,936,17143,8820,8190,1486,19565,6079,5449,1255,16824,121404,246764,125445,0
796,975,796,421,876,800,851,308,488,667,488,113,55,124,55,430,4,175,4,379,80,99,80,455,1771,2835,1217,0
122163,117851,116138,131859,123117,118725,126099,141895,19732,24044,25757,10036,3936,8248,9961,5760,3438,874,2587,13134,954,5266,6979,8742,240014,509836,247997,0
50858,51263,49118,36712,51503,49429,49982,48485,2373,2778,633,11773,876,1281,864,13270,1429,1834,311,12717,645,240,2385,14791,102121,199399,85830,0
89277,80064,82461,95087,84247,85552,85733,123407,34130,43343,40946,28320,3544,5669,3272,9354,3725,5488,3091,9535,5030,4183,1786,10840,169341,378939,177548,0
73979,81157,71094,79167,79328,68662,77443,68159,5820,12998,2935,11008,3464,3714,6349,1724,5317,12495,2432,10505,5349,1829,8234,161,155136,293592,150261,0
2860,2458,2165,5470,2120,2096,2354,16120,13260,13662,13955,10650,506,104,189,3116,764,362,69,3374,740,338,45,3350,5318,22690,7635,0
108637,90505,96583,107844,98305,101471,96765,78456,30181,12049,18127,29388,11872,6260,182,11079,7166,10966,4888,6373,10332,7800,1722,9539,199142,374997,204427,0
130672,109008,132407,136479,117409,124801,117183,188254,57582,79246,55847,51775,13489,8175,15224,19296,5871,15793,7606,11678,13263,8401,14998,19070,239680,547647,268886,0
110472,110640,111757,125062,110601,111438,105842,146085,35613,35445,34328,21023,4630,4798,5915,19220,966,798,319,13624,129,39,1156,14461,221112,473966,236819,0
45144,47101,42169,35264,51710,47265,49064,40625,4519,6476,1544,5361,3920,1963,6895,13800,2121,164,5096,12001,6566,4609,9541,16446,92245,188664,77433,0
72919,54490,60885,88334,58711,63335,52121,75744,2825,21254,14859,12590,20798,2369,8764,36213,9584,8845,2450,24999,14208,4221,2174,29623,127409,249911,149219,0
117504,93190,86246,179012,98608,96945,92397,115866,1638,22676,29620,63146,25107,793,6151,86615,20559,3755,10699,82067,18896,5418,12362,80404,210694,403816,265258,0
19505,21117,16251,10161,20255,19856,19683,21432,1927,315,5181,11271,178,1434,3432,9522,351,1261,3605,9695,750,862,4004,10094,40622,81226,26412,0
19298,21280,19793,43232,22195,20361,23697,41097,21799,19817,21304,2135,4399,2417,3904,19535,1063,919,568,22871,2897,915,2402,21037,40578,107350,63025,0
94956,87626,80618,95335,80145,86551,81374,69618,25338,18008,11000,25717,13582,6252,756,13961,8405,1075,5933,8784,14811,7481,473,15190,182582,317688,175953,0
71704,62401,61371,60230,62952,63760,61016,47239,24465,15162,14132,12991,10688,1385,355,786,7944,1359,2389,3530,8752,551,1581,2722,134105,234967,121601,0
75946,68282,56797,74047,66387,63029,68491,42043,33903,26239,14754,32004,7455,209,11694,5556,12917,5253,6232,11018,9559,1895,9590,7660,144228,239950,130844,0
4798,5340,5670,38453,6423,6057,6401,38974,34176,33634,33304,521,1603,1061,731,32052,1259,717,387,32396,1625,1083,753,32030,10138,57855,44123,0
104214,93309,92503,103792,95909,94677,92605,103006,1208,9697,10503,786,11609,704,102,11187,9537,1368,2174,9115,8305,2600,3406,7883,197523,386197,196295,0
26792,24415,25172,33582,26381,25017,26113,38592,11800,14177,13420,5010,679,1698,941,7469,1775,602,155,8565,411,1966,1209,7201,51207,116103,58754,0
65253,65551,60884,53538,66528,62414,67164,136664,71411,71113,75780,83126,1911,1613,6280,13626,2839,3137,1530,8876,1275,977,5644,12990,130804,332770,114422,0
87633,85322,72751,85829,83605,84119,78289,83550,4083,1772,10799,2279,9344,7033,5538,7540,3514,1203,11368,1710,4028,1717,10854,2224,172955,329563,158580,0
126031,117447,103054,97737,122653,121073,110920,142636,16605,25189,39582,44899,15111,6527,7866,13183,4958,3626,18019,23336,3378,5206,19599,24916,243478,497282,200791,0
94587,84694,78938,74055,96336,91199,85407,91927,2660,7233,12989,17872,9180,713,6469,11352,3388,6505,12261,17144,1749,11642,17398,22281,179281,364869,152993,0
7599,9392,6244,17743,9085,8040,8381,16855,9256,7463,10611,888,782,1011,2137,9362,441,1352,1796,9703,1486,307,2841,8658,16991,42361,23987,0
120095,117288,112240,110351,110553,117432,103194,113486,6609,3802,1246,3135,16901,14094,9046,7157,2663,144,5192,7081,9542,6735,1687,202,237383,444665,222591,0
108697,105571,98466,129280,110298,109163,112619,135147,26450,29576,36681,5867,3922,7048,14153,16661,466,3592,10697,20117,1601,4727,11832,18982,214268,467227,227746,0
7490,6669,7196,24953,7620,7354,8599,20750,13260,14081,13554,4203,1109,1930,1403,16354,136,685,158,17599,130,951,424,17333,14159,44323,32149,0
153301,131981,117136,161216,142713,136697,151767,249968,96667,117987,132832,88752,1534,19786,34631,9449,16604,4716,19561,24519,10588,10732,25577,18503,285282,681145,278352,0
31492,30200,28099,39523,31597,29866,31249,53157,21665,22957,25058,13634,243,1049,3150,8274,1626,334,1767,9657,105,1397,3498,7926,61692,145869,67622,0
18712,21111,19534,49189,22335,21268,22823,48708,29996,27597,29174,481,4111,1712,3289,26366,2556,157,1734,27921,3623,1224,2801,26854,39823,115134,68723,0
158724,156174,154619,167162,146589,150144,152711,191982,33258,35808,37363,24820,6013,3463,1908,14451,8580,6030,4475,17018,12135,9585,8030,20573,314898,641426,321781,0
36403,35335,33142,37371,34879,34540,33058,57513,21110,22178,24371,20142,3345,2277,84,4313,1863,795,1398,2831,1524,456,1737,2492,71738,159990,70513,0
87366,81089,77987,89800,83533,84234,81737,103566,16200,22477,25579,13766,5629,648,3750,8063,3132,3145,6247,5566,3833,2444,5546,6267,168455,353070,167787,0
90853,87352,75795,105113,78642,75983,78909,98778,7925,11426,22983,6335,11944,8443,3114,26204,14870,11369,188,29130,12211,8710,2847,26471,178205,332312,180908,0
152347,147397,142534,179019,144725,148609,137496,170821,18474,23424,28287,8198,14851,9901,5038,41523,3738,1212,6075,30410,7622,2672,2191,34294,299744,601651,321553,0
511,527,539,1397,586,560,702,536,25,9,3,861,191,175,163,695,49,33,21,837,75,59,47,811,1038,2384,1936,0
225142,223449,213903,194992,241497,235509,238864,229983,4841,6534,16080,34991,13722,15415,24961,43872,10367,12060,21606,40517,16355,18048,27594,46505,448591,945853,408895,0
11624,11476,9874,23468,10779,7635,7355,27869,16245,16393,17995,4401,4269,4121,2519,16113,3989,3841,2239,15833,845,697,905,12689,23100,53638,33342,0
64044,58030,59127,53746,62960,63209,62029,78004,13960,19974,18877,24258,2015,3999,2902,8283,835,5179,4082,9463,1084,4930,3833,9214,122074,266202,112873,0
7785,7488,6719,3495,7621,7337,7478,2294,5491,5194,4425,1201,307,10,759,3983,448,151,618,3842,164,133,902,4126,15273,24730,10214,0
58612,57336,50233,34234,62939,59493,60537,87507,28895,30171,37274,53273,1925,3201,10304,26303,881,2157,9260,25259,4327,5603,12706,28705,115948,270476,84467,0
8906,9040,7972,4624,9289,8436,9233,4179,4727,4861,3793,445,327,193,1261,4609,470,604,464,3812,383,249,1317,4665,17946,31137,12596,0
72972,78689,72361,130285,79410,79868,78684,161545,88573,82856,89184,31260,5712,5,6323,51601,6896,1179,7507,50417,6438,721,7049,50875,151661,399507,202646,0
26486,25125,23648,37582,26311,24829,25982,51925,25439,26800,28277,14343,504,857,2334,11600,1657,296,1181,12753,175,1186,2663,11271,51611,129047,61230,0
66388,65679,58793,39236,68325,61623,69727,81042,14654,15363,22249,41806,3339,4048,10934,30491,4765,4056,2830,22387,1937,2646,9532,29089,132067,280717,98029,0
17500,16042,12852,14352,14492,13796,15201,6026,11474,10016,6826,8326,2299,841,2349,849,3704,2246,944,556,3008,1550,1640,140,33542,49515,27204,0
97556,94047,85863,105837,91541,86214,88100,83187,14369,10860,2676,22650,9456,5947,2237,17737,11342,7833,351,19623,6015,2506,5678,14296,191603,349042,191700,0
28425,32870,26407,32818,29741,28937,29857,42848,14423,9978,16441,10030,1432,3013,3450,2961,512,3933,2530,3881,1316,3129,3334,3077,61295,131383,59225,0
72402,66305,65866,87366,69589,72785,83294,121557,49155,55252,55691,34191,10892,16989,17428,4072,383,6480,6919,14581,2813,3284,3723,17777,138707,347225,153232,0
29523,30722,26137,35850,29252,30007,26933,25368,4155,5354,769,10482,2590,3789,796,8917,484,715,3870,5843,271,1470,3115,6598,60245,111560,61987,0
167550,156098,135108,176033,146665,144007,145940,208792,41242,52694,73684,32759,21610,10158,10832,30093,23543,12091,8899,32026,20885,9433,11557,29368,323648,645404,311141,0
86131,81768,77730,66788,81750,82288,81421,86342,211,4574,8612,19554,4710,347,3691,14633,3843,520,4558,15500,4381,18,4020,14962,167899,331801,144518,0
18992,21287,19169,14885,21076,20517,20715,12445,6547,8842,6724,2440,1723,572,1546,5830,1525,770,1348,5632,2084,211,1907,6191,40279,74753,34054,0
61125,58811,57082,74556,55615,56916,55941,62747,1622,3936,5665,11809,5184,2870,1141,18615,4209,1895,166,17640,5510,3196,1467,18941,119936,231219,131638,0
181305,156047,172333,199051,197545,195638,190945,178180,3125,22133,5847,20871,9640,34898,18612,8106,14333,39591,23305,3413,16240,41498,25212,1506,337352,762308,371384,0
37317,42064,37588,76166,41211,40919,39109,83476,46159,41412,45888,7310,1792,2955,1521,37057,3602,1145,3331,35247,3894,853,3623,34955,79381,204715,113754,0
89571,84373,86360,92357,93592,101173,103351,108874,19303,24501,22514,16517,13780,18978,16991,10994,11602,16800,14813,8816,4021,9219,7232,1235,173944,406990,178717,0
29213,29592,27276,32796,29386,29244,27995,28842,371,750,1566,3954,1218,1597,719,4801,31,348,1968,3552,173,206,2110,3410,58805,115467,60072,0
82624,86939,82825,100904,83188,85183,77154,63448,19176,23491,19377,37456,5470,9785,5671,23750,2559,1756,2358,15721,564,3751,363,17716,169563,308973,183729,0
25696,26671,25056,13880,25929,26393,25950,7284,18412,19387,17772,6596,254,721,894,12070,697,278,1337,12513,233,742,873,12049,52367,85556,38936,0
67960,81685,75077,110756,73243,75209,68820,123436,55476,41751,48359,12680,860,12865,6257,41936,7249,6476,132,35547,5283,8442,1834,37513,149645,340708,185833,0
94435,81393,94710,117017,87209,92697,96348,118479,24044,37086,23769,1462,1913,14955,1638,20669,1738,11304,2013,24320,7226,5816,7501,29808,175828,394733,211727,0
19890,21659,21570,22385,22756,23071,22933,6741,13149,14918,14829,15644,3043,1274,1363,548,3181,1412,1501,686,2866,1097,1186,371,41549,75501,43955,0
22944,22378,22597,24167,25231,24291,25115,9105,13839,13273,13492,15062,2171,2737,2518,948,1347,1913,1694,124,2287,2853,2634,1064,45322,83742,46764,0
90734,89595,85662,85530,84295,85743,82418,86752,3982,2843,1090,1222,8316,7177,3244,3112,4991,3852,81,213,6439,5300,1367,1235,180329,339208,171192,0
93304,79244,92102,95257,80492,90494,82130,78015,15289,1229,14087,17242,11174,2886,9972,13127,2810,11250,1608,4763,12812,1248,11610,14765,172548,331131,187359,0
150163,126750,129890,170453,140874,139162,141568,171561,21398,44811,41671,1108,8595,14818,11678,28885,11001,12412,9272,31291,9289,14124,10984,29579,276913,593165,300343,0
45282,44585,45870,66895,44309,44393,47205,26338,18944,18247,19532,40557,1923,2620,1335,19690,889,192,1477,22502,973,276,1561,22586,89867,162245,112765,0
33945,33552,32665,38342,34260,32748,35486,19519,14426,14033,13146,18823,1541,1934,2821,2856,1197,804,83,5594,315,708,1595,4082,67497,122013,71007,0
42397,32380,37999,59144,37438,39223,38315,45662,3265,13282,7663,13482,4082,5935,316,20829,3174,6843,1224,19921,4959,5058,561,21706,74777,160638,97143,0
69269,60991,60067,100847,63843,60312,60989,87355,18086,26364,27288,13492,8280,2,922,39858,8957,679,245,40535,5426,2852,3776,37004,130260,272499,160914,0
22097,25199,18749,12505,25313,25329,24493,15015,7082,10184,3734,2510,2396,706,5744,11988,3232,130,6580,12824,3216,114,6564,12808,47296,90150,31254,0
47440,43774,42604,49207,48954,46495,47436,19619,27821,24155,22985,29588,4,3662,4832,1771,945,2721,3891,2712,1514,5180,6350,253,91214,162504,91811,0
47440,43774,42604,49207,48954,46495,47436,19619,27821,24155,22985,29588,4,3662,4832,1771,945,2721,3891,2712,1514,5180,6350,253,91214,162504,91811,0
33611,31692,30735,29234,33163,29387,33978,27681,5930,4011,3054,1553,367,2286,3243,4744,4224,2305,1348,153,448,1471,2428,3929,65303,124209,59969,0
109707,99224,97220,106645,102470,99542,97898,125835,16128,26611,28615,19190,11809,1326,678,8747,10165,318,2322,7103,7237,3246,5250,4175,208931,425745,203865,0
33575,33801,26467,26448,29551,31129,28794,41742,8167,7941,15275,15294,4781,5007,2327,2346,2446,2672,4662,4681,4024,4250,3084,3103,67376,131216,52915,0
77200,73581,69687,65305,72609,72420,68564,108532,31332,34951,38845,43227,8636,5017,1123,3259,4780,1161,2733,7115,4591,972,2922,7304,150781,322125,134992,0
102060,99149,85137,92788,89767,84585,81264,109995,7935,10846,24858,17207,20796,17885,3873,11524,17475,14564,552,8203,12293,9382,4630,3021,201209,365611,177925,0
214799,182145,195159,205651,199023,208064,199289,140996,73803,41149,54163,64655,15510,17144,4130,6362,6735,25919,12905,2413,15776,16878,3864,6628,396944,747372,400810,0
67069,65137,60596,62177,65718,67235,66094,62341,4728,2796,1745,164,975,957,5498,3917,166,2098,6639,5058,1351,581,5122,3541,132206,261388,122773,0
168432,154798,161902,207294,168101,170178,169931,152806,15626,1992,9096,54488,1499,15133,8029,37363,1746,15380,8276,37116,331,13303,6199,39193,323230,661016,369196,0
215750,203930,206597,229789,222804,214391,221085,263020,47270,59090,56423,33231,5335,17155,14488,8704,1359,10461,7794,15398,7054,18874,16207,6985,419680,921300,436386,0
53377,54077,53245,57488,57015,47477,63045,109396,56019,55319,56151,51908,9668,8968,9800,5557,5900,6600,5768,10011,3638,2938,3770,473,107454,276933,110733,0
187213,159339,168607,178193,178263,186501,180764,228331,41118,68992,59724,50138,6449,21425,12157,2571,712,27162,17894,8308,8950,18924,9656,70,346552,773859,346800,0
88953,93636,91023,100289,97568,96240,97401,99062,10109,5426,8039,1227,8448,3765,6378,2888,7287,2604,5217,4049,8615,3932,6545,2721,182589,390271,191312,0
134394,120646,125288,87389,119544,123247,118591,127326,7068,6680,2038,39937,15803,2055,6697,31202,11147,2601,2041,35858,14850,1102,5744,32155,255040,488708,212677,0
65365,62510,62035,66792,64386,62429,67616,100238,34873,37728,38203,33446,2251,5106,5581,824,2936,81,394,4363,979,1876,2351,2406,127875,294669,128827,0
160333,136212,136050,175094,158487,152905,171071,185864,25531,49652,49814,10770,10738,34859,35021,4023,7428,16693,16855,22189,1846,22275,22437,16607,296545,668327,311144,0
51287,59596,51235,47671,60981,60212,67206,43762,7525,15834,7473,3909,15919,7610,15971,19535,8925,616,8977,12541,9694,1385,9746,13310,110883,232161,98906,0
51287,59596,51235,47671,60981,60212,67206,43762,7525,15834,7473,3909,15919,7610,15971,19535,8925,616,8977,12541,9694,1385,9746,13310,110883,232161,98906,0
41011,38474,38978,44332,41769,43504,49519,70135,29124,31661,31157,25803,8508,11045,10541,5187,2493,5030,4526,828,758,3295,2791,2563,79485,204927,83310,0
86061,78043,75377,90537,77727,83233,76949,77877,8184,166,2500,12660,9112,1094,1572,13588,2828,5190,7856,7304,8334,316,2350,12810,164104,315786,165914,0
86,104,110,70,133,125,98,55,31,49,55,15,12,6,12,28,39,21,15,55,47,29,23,63,190,411,180,0
20710,20154,18768,47560,22421,22492,23760,33977,13267,13823,15209,13583,3050,3606,4992,23800,1782,2338,3724,25068,1711,2267,3653,25139,40864,102650,66328,0
45302,51826,45382,63003,53696,48630,49692,81124,35822,29298,35742,18121,4390,2134,4310,13311,3328,3196,3248,14373,8394,1870,8314,9307,97128,233142,108385,0
32732,29368,36157,21218,38242,37599,41059,35786,3054,6418,371,14568,8327,11691,4902,19841,4867,8231,1442,16381,5510,8874,2085,17024,62100,152686,57375,0
73894,62729,70291,62644,71584,73510,69550,94010,20116,31281,23719,31366,4344,6821,741,6906,384,10781,3219,10866,2310,8855,1293,8940,136623,308654,132935,0
79745,71284,61021,83214,68956,72389,70478,53432,26313,17852,7589,29782,9267,806,9457,12736,7356,1105,11368,10825,10789,2328,7935,14258,151029,265255,144235,0
94357,84876,78547,119391,84461,83445,73380,108903,14546,24027,30356,10488,20977,11496,5167,46011,10912,1431,4898,35946,9896,415,5914,34930,179233,350189,197938,0
37260,38371,35291,29141,33644,37135,32428,16425,20835,21946,18866,12716,4832,5943,2863,3287,125,1236,1844,7994,3616,4727,1647,4503,75631,119632,64432,0
34750,33666,32530,29503,35522,34768,36036,42860,8110,9194,10330,13357,1286,2370,3506,6533,18,1102,2238,5265,772,1856,2992,6019,68416,149186,62033,0
56796,51906,51117,32027,61131,59085,57447,70625,13829,18719,19508,38598,651,5541,6330,25420,2289,7179,7968,27058,4335,9225,10014,29104,108702,248288,83144,0
22107,20162,21254,42679,28085,28674,24786,53312,31205,33150,32058,10633,2679,4624,3532,17893,6567,8512,7420,14005,5978,7923,6831,14594,42269,134857,63933,0
1968,1913,1822,1252,1931,1970,2055,1038,930,875,784,214,87,142,233,803,2,57,148,718,37,18,109,679,3881,6994,3074,0
13002,14005,12254,7263,14699,14383,15075,16140,3138,2135,3886,8877,2073,1070,2821,7812,1381,378,2129,7120,1697,694,2445,7436,27007,60297,19517,0
96688,93350,90623,132137,90130,89951,88357,127504,30816,34154,36881,4633,8331,4993,2266,43780,6737,3399,672,42186,6558,3220,493,42007,190038,395942,222760,0
124318,124516,127932,135869,119620,122366,109937,231965,107647,107449,104033,96096,14381,14579,17995,25932,1952,2150,5566,13503,4698,4896,8312,16249,248834,583888,263801,0
2879,3012,2513,1825,2849,2584,2572,864,2015,2148,1649,961,307,440,59,747,295,428,71,759,30,163,336,1024,5891,8869,4338,0
42479,40671,41082,71468,45734,38739,42955,58864,16385,18193,17782,12604,476,2284,1873,28513,3740,1932,2343,32729,3255,5063,4652,25734,83150,186292,112550,0
130294,123426,113104,97619,125924,120375,122874,99985,30309,23441,13119,2366,7420,552,9770,25255,9919,3051,7271,22756,4370,2498,12820,28305,253720,469158,210723,0
53360,51539,52163,35332,53239,54726,50271,40075,13285,11464,12088,4743,3089,1268,1892,14939,1366,3187,2563,19394,121,1700,1076,17907,104899,198311,87495,0
14400,10222,14589,18233,14999,15190,14374,3077,11323,7145,11512,15156,26,4152,215,3859,790,4968,601,3043,599,4777,410,3234,24622,47640,32822,0
64626,70994,68387,51828,72587,69635,71994,80297,15671,9303,11910,28469,7368,1000,3607,20166,5009,1359,1248,17807,7961,1593,4200,20759,135620,294513,120215,0
48976,48786,49743,69591,48622,48856,51984,29101,19875,19685,20642,40490,3008,3198,2241,17607,120,70,887,20735,354,164,1121,20969,97762,178563,119334,0
155694,116801,155727,153374,134129,140017,139825,201507,45813,84706,45780,48133,15869,23024,15902,13549,15677,23216,15710,13357,21565,17328,21598,19245,272495,615478,309101,0
28254,30580,24721,37680,27618,31351,26795,11986,16268,18594,12735,25694,1459,3785,2074,10885,3097,771,6630,6329,636,2962,2897,10062,58834,97750,62401,0
13354,14166,14114,8506,13057,13821,13293,3736,9618,10430,10378,4770,61,873,821,4787,467,345,293,5315,297,1109,1057,4551,27520,43907,22620,0
2785,3050,2632,1214,3064,2774,2927,641,2144,2409,1991,573,142,123,295,1713,11,276,142,1560,279,14,432,1850,5835,9406,3846,0
157985,149259,144548,173862,150071,146423,140884,195812,37827,46553,51264,21950,17101,8375,3664,32978,11562,2836,1875,27439,7914,812,5523,23791,307244,633190,318410,0
78344,69428,72549,76409,71609,74137,73840,77813,531,8385,5264,1404,4504,4412,1291,2569,4207,4709,1588,2272,6735,2181,940,4800,147772,297399,148958,0
20999,19266,17537,12572,19291,19240,18056,6309,14690,12957,11228,6263,2943,1210,519,5484,1759,26,1703,6668,1708,25,1754,6719,40265,62896,30109,0
82672,80384,88860,88966,93616,86427,90867,94928,12256,14544,6068,5962,8195,10483,2007,1901,3755,6043,2433,2539,10944,13232,4756,4650,163056,365838,177826,0
34250,32036,29728,18040,31299,32408,32167,28008,6242,4028,1720,9968,2083,131,2439,14127,1842,372,2680,14368,2951,737,1571,13259,66286,123882,47768,0
30645,28155,26616,27337,29879,28057,31556,32471,1826,4316,5855,5134,911,3401,4940,4219,2588,98,1441,720,766,1724,3263,2542,58800,121963,53953,0
44221,33624,36677,22857,38513,40607,35928,33516,10705,108,3161,10659,8293,2304,749,13071,3614,6983,3930,17750,5708,4889,1836,15656,77845,148564,59534,0
17979,15092,15740,17226,16396,16597,17484,24714,6735,9622,8974,7488,495,2392,1744,258,1382,1505,857,629,1583,1304,656,830,33071,75191,32966,0
34333,34545,33358,25210,40963,40324,40269,31557,2776,2988,1801,6347,5936,5724,6911,15059,5991,5779,6966,15114,6630,6418,7605,15753,68878,153113,58568,0
71617,73125,65562,99960,71519,71917,68455,97649,26032,24524,32087,2311,3162,4670,2893,31505,300,1208,6355,28043,98,1606,5957,28441,144742,309540,165522,0
182494,164184,159355,142163,162581,173247,169893,136096,46398,28088,23259,6067,12601,5709,10538,27730,9247,9063,13892,31084,19913,1603,3226,20418,346678,641817,301518,0
76862,72434,79933,139661,81074,78322,84103,108498,31636,36064,28565,31163,7241,11669,4170,55558,1460,5888,1611,61339,4212,8640,1141,58587,149296,351997,219594,0
28494,29965,30021,54989,28571,28754,30927,53939,25445,23974,23918,1050,2433,962,906,24062,260,1211,1267,26235,77,1394,1450,26418,58459,142191,85010,0
15213,12465,11023,24389,10125,12480,9099,18763,3550,6298,7740,5626,6114,3366,1924,15290,2733,15,1457,11909,5088,2340,898,14264,27678,50467,35412,0
79493,77064,81562,58470,78724,79185,75708,73180,6313,3884,8382,14710,3785,1356,5854,17238,308,2121,2377,20715,769,1660,2838,20254,156557,306797,140032,0
70939,75393,73538,94720,74865,74430,71071,74268,3329,1125,730,20452,132,4322,2467,23649,3491,963,892,20290,3926,528,1327,19855,146332,294634,168258,0
85129,82054,86636,110887,80791,79184,84262,114345,29216,32291,27709,3458,867,2208,2374,26625,5945,2870,7452,31703,4338,1263,5845,30096,167183,358582,197523,0
83273,79910,70720,77230,72116,78606,73489,107561,24288,27651,36841,30331,9784,6421,2769,3741,4667,1304,7886,1376,11157,7794,1396,5114,163183,331772,147950,0
133197,131004,126251,175297,126386,129670,124041,269299,136102,138295,143048,94002,9156,6963,2210,51256,3527,1334,3419,45627,6811,4618,135,48911,264201,649396,301548,0
116583,115440,101534,109228,108195,111905,105951,96865,19718,18575,4669,12363,10632,9489,4417,3277,4678,3535,10371,2677,8388,7245,6661,1033,232023,422916,210762,0
99364,102309,101229,114208,102909,99186,104129,156039,56675,53730,54810,41831,4765,1820,2900,10079,178,3123,2043,15022,3545,600,1680,11299,201673,462263,215437,0
77533,81104,81847,71101,82307,79220,86888,107499,29966,26395,25652,36398,9355,5784,5041,15787,1687,1884,2627,8119,4774,1203,460,11206,158637,355914,152948,0
86338,85455,86888,96716,92066,91514,90219,147386,61048,61931,60498,50670,3881,4764,3331,6497,5176,6059,4626,5202,5728,6611,5178,4650,171793,421185,183604,0
743,585,559,779,642,555,714,635,108,50,76,144,29,129,155,65,188,30,4,224,101,57,83,137,1328,2546,1338,0
90659,89199,83091,126472,87915,91517,88201,117774,27115,28575,34683,8698,2458,998,5110,38271,858,2318,8426,34955,2744,1284,4824,38557,179858,385407,209563,0
62565,52356,57745,64985,63264,51538,60199,52473,10092,117,5272,12512,2366,7843,2454,4786,11027,818,6207,13447,699,10908,5519,1721,114921,227474,122730,0
1250,1600,1302,901,2151,2416,2547,10681,9431,9081,9379,9780,1297,947,1245,1646,1166,816,1114,1515,901,551,849,1250,2850,17795,2203,0
42383,41256,39973,55993,42617,40665,41559,34984,7399,6272,4989,21009,824,303,1586,14434,1718,591,692,15328,234,1361,2644,13376,83639,159825,95966,0
6870,7178,8533,12873,7608,7502,6952,2655,4215,4523,5878,10218,82,226,1581,5921,632,324,1031,5371,738,430,925,5265,14048,24717,21406,0
103883,97541,103036,128558,100203,102279,100172,97748,6135,207,5288,30810,3711,2631,2864,28386,1604,4738,757,26279,3680,2662,2833,28355,201424,400402,231594,0
183608,189440,179674,183516,200673,194210,191626,176776,6832,12664,2898,6740,8018,2186,11952,8110,10602,4770,14536,10694,17065,11233,20999,17157,373048,763285,363190,0
169332,150392,158416,149918,166230,160697,171031,172405,3073,22013,13989,22487,1699,20639,12615,21113,8635,10305,2281,10779,3102,15838,7814,16312,319724,670363,308334,0
98326,91340,85389,111379,93223,90508,91200,55366,42960,35974,30023,56013,7126,140,5811,20179,7818,832,5119,20871,5103,1883,7834,18156,189666,330297,196768,0
89403,63820,72886,61801,75612,81920,87734,124665,35262,60845,51779,62864,1669,23914,14848,25933,7483,18100,9034,20119,13791,11792,2726,13811,153223,369931,134687,0
71759,69402,70353,96403,70646,69805,69962,137484,65725,68082,67131,41081,1797,560,391,26441,1954,403,548,26598,1113,1244,293,25757,141161,347897,166756,0
19539,21606,16163,19167,21613,20503,22291,12524,7015,9082,3639,6643,2752,685,6128,3124,964,1103,4340,1336,2074,7,5450,2446,41145,76931,35330,0
86406,76098,69775,85232,80900,76078,85168,96193,9787,20095,26418,10961,1238,9070,15393,64,10328,20,6303,9154,5506,4802,11125,4332,162504,338339,155007,0
112922,104441,97161,108010,107223,105164,104837,75239,37683,29202,21922,32771,8085,396,7676,3173,7758,723,8003,2846,5699,2782,10062,787,217363,392463,205171,0
105578,98414,96976,74857,108975,105985,110065,99901,5677,1487,2925,25044,4487,11651,13089,35208,407,7571,9009,31128,3397,10561,11999,34118,203992,424926,171833,0
152730,159403,136776,197974,150277,142434,139457,155523,2793,3880,18747,42451,13273,19946,2681,58517,10296,16969,5658,55540,2453,9126,13501,47697,312133,587691,334750,0
83496,76174,76902,98535,78139,72991,79350,97667,14171,21493,20765,868,4146,3176,2448,19185,10505,3183,3911,25544,5357,1965,1237,20396,159670,328147,175437,0
896,1093,1052,502,1378,1188,1249,446,450,647,606,56,353,156,197,747,292,95,136,686,482,285,326,876,1989,4261,1554,0
47440,43774,42604,49207,48954,46495,47436,19619,27821,24155,22985,29588,4,3662,4832,1771,945,2721,3891,2712,1514,5180,6350,253,91214,162504,91811,0
93240,87574,80216,89141,86162,85690,86835,99769,6529,12195,19553,10628,6405,739,6619,2306,7550,1884,5474,3451,7078,1412,5946,2979,180814,358456,169357,0
88310,84686,88005,118781,92634,91050,95184,126518,38208,41832,38513,7737,6874,10498,7179,23597,2740,6364,3045,27731,4324,7948,4629,26147,172996,405386,206786,0
96098,92260,87075,107343,95491,89870,90958,84164,11934,8096,2911,23179,5140,1302,3883,16385,6228,2390,2795,17473,607,3231,8416,11852,188358,360483,194418,0
108269,110067,86763,122301,104036,92714,90675,122574,14305,12507,35811,273,17594,19392,3912,31626,15555,17353,5951,29587,4233,6031,17273,18265,218336,409999,209064,0
83019,79407,84311,71175,96607,90752,97806,126389,43370,46982,42078,55214,14787,18399,13495,26631,7733,11345,6441,19577,13588,17200,12296,25432,162426,411554,155486,0
32411,31178,29930,39839,32395,32189,31672,35791,3380,4613,5861,4048,739,494,1742,8167,222,1011,2259,7650,16,1217,2465,7444,63589,132047,69769,0
33020,30965,33384,26796,34488,34480,36566,50538,17518,19573,17154,23742,3546,5601,3182,9770,1460,3515,1096,7684,1468,3523,1104,7692,63985,156072,60180,0
108731,102927,106170,118648,106878,108493,104367,137672,28941,34745,31502,19024,4364,1440,1803,14281,238,5566,2323,10155,1853,3951,708,11770,211658,457410,224818,0
219,308,296,292,264,221,173,330,111,22,34,38,46,135,123,119,2,87,75,71,45,44,32,28,527,988,588,0
76663,80756,77086,107587,80576,82444,81069,84615,7952,3859,7529,22972,4406,313,3983,26518,5781,1688,5358,25143,3913,180,3490,27011,157419,328704,184673,0
127014,133553,125130,126556,138363,133949,135504,115943,11071,17610,9187,10613,8490,1951,10374,8948,6935,396,8819,7393,11349,4810,13233,11807,260567,523759,251686,0
88881,93611,84353,92021,86592,93525,92013,96894,8013,3283,12541,4873,3132,1598,7660,8,4644,86,9172,1504,2289,7019,2239,5429,182492,369024,176374,0
48814,38576,37911,57779,44889,44795,43795,59972,11158,21396,22061,2193,5019,5219,5884,13984,4019,6219,6884,12984,3925,6313,6978,12890,87390,193451,95690,0
87864,83407,79546,57970,81683,84683,79381,64237,23627,19170,15309,6267,8483,4026,165,21411,3181,1276,5137,26713,6181,1724,2137,23713,171271,309984,137516,0
66943,64298,65845,87513,69326,68263,62917,101379,34436,37081,35534,13866,4026,1381,2928,24596,1320,3965,2418,19250,2383,5028,3481,18187,131241,301885,153358,0
105818,96837,99391,130300,107641,104937,107623,65838,39980,30999,33553,64462,1805,10786,8232,22677,881,8100,5546,25363,1823,10804,8250,22659,202655,386039,229691,0
15340,13213,10907,31129,12338,11669,11715,24625,9285,11412,13718,6504,3625,1498,808,19414,3671,1544,762,19460,3002,875,1431,18791,28553,60347,42036,0
183827,179559,163687,223148,181929,181318,166209,184693,866,5134,21006,38455,17618,13350,2522,56939,2509,1759,17631,41830,1898,2370,18242,41219,363386,714149,386835,0
81267,81578,71955,73404,88278,77655,89487,91360,10093,9782,19405,17956,8220,7909,17532,16083,3612,3923,5700,4251,7011,6700,16323,14874,162845,346780,145359,0
84673,85642,84647,57989,88956,86486,85836,39084,45589,46558,45563,18905,1163,194,1189,27847,1813,844,1839,28497,4283,3314,4309,30967,170315,300362,142636,0
48951,52344,48285,64234,46576,45298,45178,60429,11478,8085,12144,3805,3773,7166,3107,19056,3653,7046,2987,18936,2375,5768,1709,17658,101295,197481,112519,0
150642,143198,139187,160850,138346,143234,135676,125527,25115,17671,13660,35323,14966,7522,3511,25174,7408,36,4047,17616,12296,4852,841,22504,293840,542783,300037,0
78245,75816,76562,76510,79119,79623,76268,79893,1648,4077,3331,3383,1977,452,294,242,1378,3807,3061,3113,874,3303,2557,2609,154061,314903,153072,0
222243,176378,201886,241671,188210,201140,173219,322321,100078,145943,120435,80650,49024,3159,28667,68452,21103,24762,746,40531,34033,11832,13676,53461,398621,884890,443557,0
88753,88231,92490,116623,97163,96605,95315,136378,47625,48147,43888,19755,6562,7084,2825,21308,7852,8374,4115,20018,8410,8932,4673,19460,176984,425461,209113,0
50595,60575,46878,64911,49708,47074,50449,79953,29358,19378,33075,15042,146,10126,3571,14462,3521,13501,196,17837,887,10867,2830,15203,111170,227184,111789,0
70541,72457,65709,80568,74136,71496,69371,101879,31338,29422,36170,21311,1170,3086,3662,11197,955,961,5787,9072,3595,1679,8427,6432,142998,316882,146277,0
125707,109884,98191,133172,107015,105714,101662,200391,74684,90507,102200,67219,24045,8222,3471,31510,19993,4170,7523,27458,18692,2869,8824,26157,235591,514782,231363,0
54698,55410,55691,46712,53999,54296,55797,81684,26986,26274,25993,34972,1099,387,106,9085,402,1114,1395,7584,699,1411,1692,7287,110108,245776,102403,0
109840,100812,95261,111549,99215,98414,94591,138500,28660,37688,43239,26951,15249,6221,670,16958,11426,2398,3153,13135,10625,1597,3954,12334,210652,430720,206810,0
61711,69539,69230,62996,72425,65921,81048,65678,3967,3861,3552,2682,19337,11509,11818,18052,4210,3618,3309,2925,10714,2886,3195,9429,131250,285072,132226,0
25100,19965,22467,21101,21778,23470,22670,14865,10235,5100,7602,6236,2430,2705,203,1569,1630,3505,1003,2369,3322,1813,689,677,45065,82783,43568,0
88386,91730,87223,90651,89098,88422,90330,95102,6716,3372,7879,4451,1944,1400,3107,321,36,3308,1199,2229,712,2632,1875,1553,180116,362952,177874,0
84931,76676,70424,90796,73523,76059,76542,73803,11128,2873,3379,16993,8389,134,6118,14254,8872,617,5635,14737,11408,3153,3099,17273,161607,299927,161220,0
98683,86276,80785,92951,82980,77961,93816,104063,5380,17787,23278,11112,4867,7540,13031,865,20722,8315,2824,14990,15703,3296,2195,9971,184959,358820,173736,0
90503,89202,81173,88412,85628,89833,84607,82710,7793,6492,1537,5702,5896,4595,3434,3805,670,631,8660,1421,4875,3574,4455,2784,179705,342778,169585,0
86029,78452,80815,102652,82031,87031,87877,128060,42031,49608,47245,25408,1848,9425,7062,14775,1002,8579,6216,15621,3998,3579,1216,20621,164481,384999,183467,0
89884,85028,76899,92326,75792,84598,75876,79576,10308,5452,2677,12750,14008,9152,1023,16450,5286,430,7699,7728,14092,9236,1107,16534,174912,315842,169225,0
116188,110467,111647,110011,109729,117725,114677,100815,15373,9652,10832,9196,1511,4210,3030,4666,1537,7258,6078,7714,6459,738,1918,282,226655,442946,221658,0
161893,154492,144535,190880,156164,148072,157114,164351,2458,9859,19816,26529,4779,2622,12579,33766,13821,6420,3537,42808,5729,1672,11629,34716,316385,625701,335415,0
116971,119573,115539,144329,113842,116478,113474,201262,84291,81689,85723,56933,3497,6099,2065,30855,493,3095,939,27851,3129,5731,1697,30487,236544,545056,259868,0
160912,147959,135408,124482,151137,144584,142772,209926,49014,61967,74518,85444,18140,5187,7364,18290,16328,3375,9176,20102,9775,3178,15729,26655,308871,648419,259890,0
22140,17084,23595,25502,19958,20905,21513,46971,24831,29887,23376,21469,627,4429,2082,3989,1235,3821,2690,4597,2182,2874,3637,5544,39224,109347,49097,0
81691,74483,70657,101804,73882,74167,69198,115540,33849,41057,44883,13736,12493,5285,1459,32606,7524,316,3510,27637,7809,601,3225,27922,156174,332787,172461,0
27053,21788,23533,23947,21346,22536,21128,25117,1936,3329,1584,1170,5925,660,2405,2819,4517,748,997,1411,5707,442,2187,2601,48841,90127,47480,0
76784,78781,69858,75184,77321,75801,78918,95226,18442,16445,25368,20042,2134,137,9060,3734,983,2980,5943,617,537,1460,7463,2137,155565,327266,145042,0
50809,57060,51166,53297,54738,55738,57415,73470,22661,16410,22304,20173,6606,355,6249,4118,4929,1322,4572,2441,3929,2322,3572,1441,107869,241361,104463,0
3796,4629,3615,4543,4390,4949,4291,6876,3080,2247,3261,2333,495,338,676,252,1153,320,1334,406,594,239,775,153,8425,20506,8158,0
80106,88492,78508,133759,87569,86643,83896,136541,56435,48049,58033,2782,3790,4596,5388,49863,6537,1849,8135,47116,7463,923,9061,46190,168598,394649,212267,0
72407,73137,73866,79874,86357,83825,85344,98584,26177,25447,24718,18710,12937,12207,11478,5470,11418,10688,9959,3951,13950,13220,12491,6483,145544,354110,153740,0
117595,106839,110742,126859,103622,106256,103421,111406,6189,4567,664,15453,14174,3418,7321,23438,11339,583,4486,20603,13973,3217,7120,23237,224434,424705,237601,0
12407,13896,11729,10918,13843,13434,14564,4705,7702,9191,7024,6213,2157,668,2835,3646,1027,462,1705,2516,1436,53,2114,2925,26303,46546,22647,0
3047,3884,3675,1909,4929,4264,4382,2148,899,1736,1527,239,1335,498,707,2473,1217,380,589,2355,1882,1045,1254,3020,6931,15723,5584,0
35651,37995,32464,24981,37690,36896,35310,13882,21769,24113,18582,11099,341,2685,2846,10329,1245,1099,4432,11915,2039,305,5226,12709,73646,123778,57445,0
34568,41641,43993,46187,44849,46951,39799,53635,19067,11994,9642,7448,5231,1842,4194,6388,12383,5310,2958,764,10281,3208,856,1338,76209,185234,90180,0
129843,134967,121813,116661,138689,135949,135996,121974,7869,12993,161,5313,6153,1029,14183,19335,6106,982,14136,19288,8846,3722,16876,22028,264810,532608,238474,0
53060,56610,43680,75249,48688,47004,46278,90911,37851,34301,47231,15662,6782,10332,2598,28971,6056,9606,3324,28245,4372,7922,5008,26561,109670,232881,118929,0
85411,78325,79121,74607,81218,82645,87017,104443,19032,26118,25322,29836,1606,8692,7896,12410,2766,4320,3524,8038,4193,2893,2097,6611,163736,355323,153728,0
120398,108332,102192,96771,113269,114967,109525,69512,50886,38820,32680,27259,10873,1193,7333,12754,5431,6635,12775,18196,7129,4937,11077,16498,228730,407273,198963,0
111388,108783,104063,129857,107595,106941,119036,95500,15888,13283,8563,34357,7648,10253,14973,10821,4447,1842,2878,22916,3793,1188,3532,22262,220171,429072,233920,0
183078,167089,172709,268558,176406,175841,174961,274784,91706,107695,102075,6226,8117,7872,2252,93597,7237,8752,3132,92717,6672,9317,3697,92152,350167,801992,441267,0
70194,60594,55689,77559,63296,58706,65793,83037,12843,22443,27348,5478,4401,5199,10104,11766,11488,1888,3017,18853,6898,2702,7607,14263,130788,270832,133248,0
103638,96082,93875,114479,101499,101133,97768,125261,21623,29179,31386,10782,5870,1686,3893,16711,2505,5051,7258,13346,2139,5417,7624,12980,199720,425661,208354,0
10354,11205,10528,7358,13225,13329,14834,26680,16326,15475,16152,19322,4480,3629,4306,7476,2975,2124,2801,5971,2871,2020,2697,5867,21559,68068,17886,0
76290,68415,78832,87485,81211,78859,83387,90386,14096,21971,11554,2901,7097,14972,4555,4098,2569,10444,27,8626,4921,12796,2379,6274,144705,333843,166317,0
103743,94070,100554,96592,95870,99898,97820,97677,6066,3607,2877,1085,5923,3750,2734,1228,3845,5828,656,3306,7873,1800,4684,722,197813,391265,197146,0
75761,73313,66763,82289,65337,66442,75415,73690,2071,377,6927,8599,346,2102,8652,6874,9319,6871,321,15847,10424,7976,1426,16952,149074,280884,149052,0
33251,32911,30311,30226,40143,35855,39705,28732,4519,4179,1579,1494,6454,6794,9394,9479,2604,2944,5544,5629,6892,7232,9832,9917,66162,144435,60537,0
26155,24916,23783,22426,25876,26567,27320,27287,1132,2371,3504,4861,1165,2404,3537,4894,412,1651,2784,4141,279,960,2093,3450,51071,107050,46209,0
54773,58392,57645,48971,58611,61512,63168,65111,10338,6719,7466,16140,8395,4776,5523,14197,6739,3120,3867,12541,3838,219,966,9640,113165,248402,106616,0
112197,119114,126030,103471,126277,124472,127367,137869,25672,18755,11839,34398,15170,8253,1337,23896,12275,5358,1558,21001,14080,7163,247,22806,231311,515985,229501,0
69903,70281,69828,58946,71323,72037,70541,58873,11030,11408,10955,73,638,260,713,11595,2134,1756,2209,13091,1420,1042,1495,12377,140184,272774,128774,0
61185,54909,51448,61825,47292,53578,43164,75840,14655,20931,24392,14015,18021,11745,8284,18661,7607,1331,2130,8247,13893,7617,4156,14533,116094,219874,113273,0
44901,41260,42760,51969,44771,43045,41073,86367,41466,45107,43607,34398,3828,187,1687,10896,1856,1785,285,8924,130,3511,2011,7198,86161,215256,94729,0
9060,8337,9218,4673,9831,9520,10416,4032,5028,4305,5186,641,1356,2079,1198,5743,460,1183,302,4847,771,1494,613,5158,17397,33799,13891,0
94103,86105,79091,105840,84076,84757,76840,76577,17526,9528,2514,29263,17263,9265,2251,29000,9346,1348,5666,21083,10027,2029,4985,21764,180208,322250,184931,0
73960,72027,66552,86380,71412,73234,65869,57334,16626,14693,9218,29046,8091,6158,683,20511,726,1207,6682,13146,2548,615,4860,14968,145987,267849,152932,0
106591,113211,108662,113523,115052,112440,113929,167920,61329,54709,59258,54397,7338,718,5267,406,5849,771,3778,1083,8461,1841,6390,1529,219802,509341,222185,0
133719,141238,115491,142964,130307,124054,113762,140721,7002,517,25230,2243,19957,27476,1729,29202,9665,17184,8563,18910,3412,10931,14816,12657,274957,508844,258455,0
216683,194607,189482,190416,201428,206423,202012,227494,10811,32887,38012,37078,14671,7405,12530,11596,10260,11816,16941,16007,15255,6821,11946,11012,411290,837357,379898,0
80349,78525,76866,56759,85477,88101,87057,76454,3895,2071,412,19695,6708,8532,10191,30298,7752,9576,11235,31342,5128,6952,8611,28718,158874,337089,133625,0
113281,112755,113134,120357,125631,116859,119571,176131,62850,63376,62997,55774,6290,6816,6437,786,3578,4104,3725,3498,12350,12876,12497,5274,226036,538192,233491,0
181376,169954,146212,196532,167938,154632,151931,191185,9809,21231,44973,5347,29445,18023,5719,44601,26744,15322,8420,41900,13438,2016,21726,28594,351330,665686,342744,0
231598,214075,199923,280185,198988,207561,194263,269255,37657,55180,69332,10930,37335,19812,5660,85922,24037,6514,7638,72624,32610,15087,935,81197,445673,870067,480108,0
48990,51063,43453,47914,52123,45228,48810,47045,1945,4018,3592,869,180,2253,5357,896,3762,5835,1775,2686,3133,1060,8670,4209,100053,193206,91367,0
182554,186938,175726,184354,217624,208081,211246,177670,4884,9268,1944,6684,28692,24308,35520,26892,25527,21143,32355,23727,35070,30686,41898,33270,369492,814621,360080,0
118077,122225,106976,124892,113188,114010,97884,132027,13950,9802,25051,7135,20193,24341,9092,27008,4067,8215,7034,10882,4889,9037,6212,11704,240302,457109,231868,0
186793,170044,172131,126737,195159,199353,218708,248859,62066,78815,76728,122122,31915,48664,46577,91971,12560,29309,27222,72616,8366,25115,23028,68422,356837,862079,298868,0
171323,139910,149935,165064,139243,147345,140892,157399,13924,17489,7464,7665,30431,982,9043,24172,23978,7435,2590,17719,32080,667,10692,25821,311233,584879,314999,0
132201,116939,124981,187840,113194,110516,90616,233157,100956,116218,108176,45317,41585,26323,34365,97224,21685,6423,14465,77324,19007,3745,11787,74646,249140,547483,312821,0
26047,25350,22120,31301,25287,23858,23437,41643,15596,16293,19523,10342,2610,1913,1317,7864,2189,1492,1738,7443,760,63,3167,6014,51397,114225,53421,0
160656,154121,151424,127166,161309,156679,167998,190565,29909,36444,39141,63399,7342,13877,16574,40832,3977,2558,5255,29513,653,7188,9885,34143,314777,676551,278590,0
135758,138045,123237,172287,151465,150700,155313,190085,54327,52040,66848,17798,19555,17268,32076,16974,14942,12655,27463,21587,15707,13420,28228,20822,273803,647563,295524,0
38984,39645,37052,57681,36691,36155,38345,47419,8435,7774,10367,10262,639,1300,1293,19336,2829,3490,897,21526,2293,2954,361,20990,78629,158610,94733,0
22176,18553,16381,32253,17158,16248,19962,26327,4151,7774,9946,5926,2214,1409,3581,12291,5928,2305,133,16005,5018,1395,777,15095,40729,79695,48634,0
58840,58609,55965,59462,56872,58038,53920,56090,2750,2519,125,3372,4920,4689,2045,5542,802,571,2073,1424,1968,1737,907,2590,117449,224920,115427,0
43788,45325,46375,55971,50828,49029,48661,82355,38567,37030,35980,26384,4873,3336,2286,7310,5241,3704,2654,6942,7040,5503,4453,5143,89113,230873,102346,0
26367,23751,23711,44809,22869,25288,27040,39759,13392,16008,16048,5050,673,3289,3329,17769,1079,1537,1577,19521,3498,882,842,21940,50118,114956,68520,0
104110,87453,92263,133123,94327,97414,94542,112181,8071,24728,19918,20942,9568,7089,2279,38581,6696,9961,5151,35709,9783,6874,2064,38796,191563,398464,225386,0
51672,56717,52733,56272,55160,59194,58901,86661,34989,29944,33928,30389,7229,2184,6168,2629,7522,2477,6461,2922,3488,1557,2427,1112,108389,259916,109005,0
68945,65863,63800,66757,65366,71271,61444,44393,24552,21470,19407,22364,7501,4419,2356,5313,2326,5408,7471,4514,3579,497,1566,1391,134808,242474,130557,0
118997,104505,108868,114588,113722,113763,112240,162970,43973,58465,54102,48382,6757,7735,3372,2348,5234,9258,4895,825,5275,9217,4854,866,223502,502695,223456,0
209541,211113,192395,204354,210072,208681,206385,245734,36193,34621,53339,41380,3156,4728,13990,2031,860,2432,16286,4327,531,1041,17677,5718,420654,870872,396749,0
92563,89277,99100,38463,108406,101073,109312,142450,49887,53173,43350,103987,16749,20035,10212,70849,8510,11796,1973,62610,15843,19129,9306,69943,181840,461241,137563,0
40837,33046,39107,51864,39282,39047,31260,33009,7828,37,6098,18855,9577,1786,7847,20604,1790,6001,60,12817,1555,6236,175,12582,73883,142598,90971,0
55768,53908,52684,28700,56402,56497,59797,35188,20580,18720,17496,6488,4029,5889,7113,31097,729,2589,3813,27797,634,2494,3718,27702,109676,207884,81384,0
52808,46936,52505,110975,50106,48849,45550,160069,107261,113133,107564,49094,7258,1386,6955,65425,3959,1913,3656,62126,2702,3170,2399,60869,99744,304574,163480,0
150564,155313,144693,173612,157131,155651,148309,159072,8508,3759,14379,14540,2255,7004,3616,25303,5087,338,10958,17961,6567,1818,12438,16481,305877,620163,318305,0
42362,40869,40757,27514,46338,42381,46390,66920,24558,26051,26163,39406,4028,5521,5633,18876,19,1512,1624,14867,3976,5469,5581,18824,83231,202029,68271,0
110363,100074,84939,104670,89376,87258,96223,109059,1304,8985,24120,4389,14140,3851,11284,8447,23105,12816,2319,17412,20987,10698,4437,15294,210437,381916,189609,0
71046,73339,72801,53199,72216,76002,68172,106991,35945,33652,34190,53792,2874,5167,4629,14973,4956,2663,3201,22803,1170,1123,585,19017,144385,323381,126000,0
145705,154926,137190,179177,136200,135214,129788,183508,37803,28582,46318,4331,15917,25138,7402,49389,10491,19712,1976,43963,9505,18726,990,42977,300631,584710,316367,0
95626,82824,88405,121338,90974,87737,91130,111261,15635,28437,22856,10077,4496,8306,2725,30208,7889,4913,668,33601,4652,8150,2569,30364,178450,381102,209743,0
28605,34702,33937,68923,30131,30453,28085,28558,47,6144,5379,40365,520,6617,5852,40838,1848,4249,3484,38470,1526,4571,3806,38792,63307,117227,102860,0
113506,97838,109846,142061,111984,116286,116366,192682,79176,94844,82836,50621,2860,18528,6520,25695,2780,18448,6440,25775,1522,14146,2138,30077,211344,537318,251907,0
157746,135815,135472,203903,139958,138627,130361,154247,3499,18432,18775,49656,27385,5454,5111,73542,19119,2812,3155,65276,17788,4143,4486,63945,293561,563193,339375,0
274595,244934,257414,268589,242482,252335,241681,425413,150818,180479,167999,156824,32914,3253,15733,26908,22260,7401,5079,16254,32113,2452,14932,26107,519529,1161911,526003,0
128092,114080,106505,136604,116495,115070,124666,189423,61331,75343,82918,52819,3426,10586,18161,11938,13022,990,8565,21534,11597,2415,9990,20109,242172,545654,243109,0
28781,31123,30024,30942,30112,32909,32640,42123,13342,11000,12099,11181,3859,1517,2616,1698,4128,1786,2885,1967,1331,1011,88,830,59904,137784,60966,0
21778,20419,18112,32926,22007,20287,20856,22625,847,2206,4513,10301,922,437,2744,12070,1491,132,2175,12639,229,1588,3895,10919,42197,85775,51038,0
21433,31590,25984,17688,33917,31378,25507,46140,24707,14550,20156,28452,4074,6083,477,7819,9945,212,5394,13690,12484,2327,7933,16229,53023,136942,43672,0
57072,51883,44599,62302,45082,48534,50302,47754,9318,4129,3155,14548,6770,1581,5703,12000,8538,3349,3935,13768,11990,6801,483,17220,108955,191672,106901,0
116366,121685,111224,116532,119083,116750,114648,131236,14870,9551,20012,14704,1718,7037,3424,1884,384,4935,5526,218,2717,2602,7859,2551,238051,481717,227756,0
49282,46757,44179,25435,47963,47497,44604,14094,35188,32663,30085,11341,4678,2153,425,19169,1785,740,3318,22062,1319,1206,3784,22528,96039,154158,69614,0
103717,103699,105837,132336,119051,111821,117078,207497,103780,103798,101660,75161,13361,13379,11241,15258,8104,8122,5984,20515,15334,15352,13214,13285,207416,555447,238173,0
19732,21421,17966,27369,21249,20262,19802,42316,22584,20895,24350,14947,70,1619,1836,7567,530,1159,2296,7107,1517,172,3283,6120,41153,103629,45335,0
100615,101635,98057,113530,101544,100156,103306,124536,23921,22901,26479,11006,2691,1671,5249,10224,459,1479,2099,13374,929,91,3487,11986,202250,429542,211587,0
51068,55303,60012,38011,53411,57829,59250,49632,1436,5671,10380,11621,8182,3947,762,21239,6761,2526,2183,19818,2343,1892,6601,15400,106371,220122,98023,0
62588,57024,50517,66549,55792,50269,53220,82658,20070,25634,32141,16109,9368,3804,2703,13329,12319,6755,248,16280,6796,1232,5275,10757,119612,241939,117066,0
28572,24569,27488,23409,27958,31709,31347,17828,10744,6741,9660,5581,2775,6778,3859,7938,3137,7140,4221,8300,614,3389,470,4549,53141,108842,50897,0
133696,159056,148550,189764,161458,168881,141773,250478,116782,91422,101928,60714,8077,17283,6777,47991,35185,9825,20331,20883,27762,2402,12908,28306,292752,722590,338314,0
87950,84455,80056,103834,81432,81059,82756,92091,4141,7636,12035,11743,5194,1699,2700,21078,6891,3396,1003,22775,6518,3023,1376,22402,172405,337338,183890,0
105955,102450,97405,129968,109762,106381,112247,208736,102781,106286,111331,78768,6292,9797,14842,17721,426,3931,8976,23587,3807,7312,12357,20206,208405,537126,227373,0
62806,60664,63219,84526,67390,65094,62247,59038,3768,1626,4181,25488,559,1583,972,22279,2288,4430,1875,19432,4584,6726,4171,17136,123470,253769,147745,0
93317,97745,86570,89108,92167,87369,89116,96285,2968,1460,9715,7177,4201,8629,2546,8,5948,10376,799,1739,1150,5578,5597,3059,191062,364937,175678,0
72471,68386,76987,126108,75300,80461,90891,141467,68996,73081,64480,15359,18420,22505,13904,35217,7990,12075,3474,45647,2829,6914,1687,50808,140857,388119,203095,0
90395,94249,81847,116775,100476,105692,107615,106088,15693,11839,24241,10687,17220,13366,25768,9160,15297,11443,23845,11083,10081,6227,18629,16299,184644,419871,198622,0
94761,87813,88860,88856,96279,96319,101300,74250,20511,13563,14610,14606,6539,13487,12440,12444,1558,8506,7459,7463,1518,8466,7419,7423,182574,368148,177716,0
151773,136973,124694,138482,137157,135019,128428,150323,1450,13350,25629,11841,23345,8545,3734,10054,16754,1954,10325,3463,14616,184,12463,1325,288746,550927,263176,0
113628,121792,106474,115637,113488,101933,112459,129543,15915,7751,23069,13906,1169,9333,5985,3178,11695,19859,4541,13704,140,8304,7014,2149,235420,457423,222111,0
69148,69597,63965,80066,68138,66027,65553,78172,9024,8575,14207,1894,3595,4044,1588,14513,3121,3570,2062,14039,1010,1459,4173,11928,138745,277890,144031,0
106550,98916,91264,88690,104646,95133,93685,170743,64193,71827,79479,82053,12865,5231,2421,4995,11417,3783,3869,6443,1904,5730,13382,15956,205466,464207,179954,0
92838,77513,86500,88736,99052,100002,105088,61984,30854,15529,24516,26752,12250,27575,18588,16352,7164,22489,13502,11266,6214,21539,12552,10316,170351,366126,175236,0
89511,84555,81600,52471,87285,86627,84121,67459,22052,17096,14141,14988,5390,434,2521,31650,2884,2072,5027,34156,2226,2730,5685,34814,174066,325492,134071,0
114051,98313,106459,96388,103644,102863,102517,123227,9176,24914,16768,26839,11534,4204,3942,6129,11188,4550,3596,6475,10407,5331,2815,7256,212364,432251,202847,0
29011,26920,22478,22030,22874,24198,22169,29097,86,2177,6619,7067,6842,4751,309,139,4813,2722,1720,2168,6137,4046,396,844,55931,98338,44508,0
35123,36091,34324,34584,35600,36597,35534,33878,1245,2213,446,706,411,557,1210,950,1474,506,2273,2013,477,491,1276,1016,71214,141609,68908,0
22406,21182,23217,25476,21010,21567,23413,19744,2662,1438,3473,5732,1007,2231,196,2063,839,385,1650,3909,1396,172,2207,4466,43588,85734,48693,0
56025,55714,53271,57420,55809,53424,54931,75626,19601,19912,22355,18206,1094,783,1660,2489,2601,2290,153,3996,216,95,2538,1611,111739,239790,110691,0
54863,51692,47416,32740,55626,53548,53102,24909,29954,26783,22507,7831,1761,1410,5686,20362,1315,1856,6132,20808,763,3934,8210,22886,106555,187185,80156,0
3161,3412,3051,1163,3421,3345,3402,635,2526,2777,2416,528,241,10,351,2239,184,67,294,2182,260,9,370,2258,6573,10803,4214,0
42383,41256,39973,55993,42617,40665,41559,34984,7399,6272,4989,21009,824,303,1586,14434,1718,591,692,15328,234,1361,2644,13376,83639,159825,95966,0
79549,73126,72866,65442,71981,73961,70517,63498,16051,9628,9368,1944,9032,2609,2349,5075,5588,835,1095,8519,7568,1145,885,6539,152675,279957,138308,0
43979,42941,39672,49045,42002,44176,38588,38511,5468,4430,1161,10534,5391,4353,1084,10457,197,1235,4504,4869,1977,939,2330,7043,86920,163277,88717,0
85533,81544,74948,72027,92101,81693,80808,97638,12105,16094,22690,25611,4725,736,5860,8781,3840,149,6745,9666,6568,10557,17153,20074,167077,352240,146975,0
216728,195506,193847,194652,217922,233362,228834,227745,11017,32239,33898,33093,12106,33328,34987,34182,16634,37856,39515,38710,1194,22416,24075,23270,412234,907863,388499,0
105768,98109,93564,99767,107482,104683,104609,107114,1346,9005,13550,7347,1159,6500,11045,4842,1085,6574,11119,4916,1714,9373,13918,7715,203877,423888,193331,0
14758,16631,14635,9407,15641,15338,16246,38049,23291,21418,23414,28642,1488,385,1611,6839,580,1293,703,5931,883,990,1006,6234,31389,85274,24042,0
5879,7362,7492,8328,8054,7331,7702,52603,46724,45241,45111,44275,1823,340,210,626,1452,31,161,997,2175,692,562,274,13241,75690,15820,0
11714,14174,11920,7068,13083,12754,13338,27581,15867,13407,15661,20513,1624,836,1418,6270,1040,1420,834,5686,1369,1091,1163,6015,25888,66756,18988,0
74254,75211,75993,95468,74934,77717,78190,90459,16205,15248,14466,5009,3936,2979,2197,17278,3463,2506,1724,17751,680,277,1059,20534,149465,321300,171461,0
455,381,325,266,367,348,410,268,187,113,57,2,45,29,85,144,107,33,23,82,88,14,42,101,836,1393,591,0
70380,68161,68108,84521,63052,70435,61864,77801,7421,9640,9693,6720,8516,6297,6244,22657,55,2274,2327,14086,7328,5109,5056,21469,138541,273152,152629,0
61034,60231,56918,56504,68214,72329,67877,73053,12019,12822,16135,16549,6843,7646,10959,11373,11295,12098,15411,15825,7180,7983,11296,11710,121265,281473,113422,0
9187,11465,9991,27318,13125,11533,11706,30286,21099,18821,20295,2968,2519,241,1715,15612,2346,68,1542,15785,3938,1660,3134,14193,20652,66650,37309,0
78058,64393,68357,73695,63598,56719,68341,99024,20966,34631,30667,25329,9717,3948,16,5354,21339,7674,11638,16976,14460,795,4759,10097,142451,287682,142052,0
10986,10048,9637,6858,11182,8529,13104,5916,5070,4132,3721,942,2118,3056,3467,6246,2457,1519,1108,1671,196,1134,1545,4324,21034,38731,16495,0
1332,1416,1524,1003,1818,1735,1725,19746,18414,18330,18222,18743,393,309,201,722,403,319,211,732,486,402,294,815,2748,25024,2527,0
125997,117257,112324,151936,109875,113705,117072,163579,37582,46322,51255,11643,8925,185,4748,34864,12292,3552,1381,38231,16122,7382,2449,42061,243254,504231,264260,0
85624,88467,74475,95780,85611,77700,81964,67881,17743,20586,6594,27899,3660,6503,7489,13816,7924,10767,3225,18080,13,2856,11136,10169,174091,313156,170255,0
86185,77165,79707,86231,86739,88227,99157,128267,42082,51102,48560,42036,12972,21992,19450,12926,2042,11062,8520,1996,554,9574,7032,508,163350,402390,165938,0
50820,43262,44729,63084,44959,45857,45707,33556,17264,9706,11173,29528,5113,2445,978,17377,4963,2595,1128,17227,5861,1697,230,18125,94082,170079,107813,0
11547,11315,12017,6569,12046,11491,12362,3719,7828,7596,8298,2850,815,1047,345,5793,56,176,526,4922,499,731,29,5477,22862,39618,18586,0
143397,135091,140682,113186,141453,123131,153037,177823,34426,42732,37141,64637,9640,17946,12355,39851,20266,11960,17551,9945,1944,6362,771,28267,278488,595444,253868,0
134093,133302,125038,119475,135658,133898,137434,148277,14184,14975,23239,28802,3341,4132,12396,17959,195,596,8860,14423,1565,2356,10620,16183,267395,555267,244513,0
142279,131684,131449,141340,142735,140650,152858,194368,52089,62684,62919,53028,10579,21174,21409,11518,1629,8966,9201,690,456,11051,11286,1395,273963,630611,272789,0
15989,13657,11274,28395,12214,10651,14681,22511,6522,8854,11237,5884,1308,1024,3407,13714,5338,3006,623,17744,3775,1443,940,16181,29646,60057,39669,0
15344,14403,12121,19842,13467,13633,14859,40435,25091,26032,28314,20593,485,456,2738,4983,1711,770,1512,6209,1877,936,1346,6375,29747,82394,31963,0
155923,145132,136940,133061,144376,135971,143708,187734,31811,42602,50794,54673,12215,1424,6768,10647,19952,9161,969,2910,11547,756,7436,11315,301055,611789,270001,0
22406,21182,23217,25476,21010,21567,23413,19744,2662,1438,3473,5732,1007,2231,196,2063,839,385,1650,3909,1396,172,2207,4466,43588,85734,48693,0
121096,115018,110953,111526,119454,119601,116498,131007,9911,15989,20054,19481,4598,1480,5545,4972,1495,4583,8648,8075,1642,4436,8501,7928,236114,486560,222479,0
38036,38420,36002,57114,35361,34843,37248,47088,9052,8668,11086,10026,788,1172,1246,19866,3193,3577,1159,22271,2675,3059,641,21753,76456,154540,93116,0
26036,26157,24313,14732,28576,27850,28591,36834,10798,10677,12521,22102,2555,2434,4278,13859,1814,1693,3537,13118,2540,2419,4263,13844,52193,121851,39045,0
153105,157918,145856,140275,158290,151877,155818,167052,13947,9134,21196,26777,2713,2100,9962,15543,1228,6041,6021,11602,5185,372,12434,18015,311023,633037,286131,0
60822,54856,57060,83970,64986,63326,63855,103487,42665,48631,46427,19517,3033,8999,6795,20115,2504,8470,6266,20644,4164,10130,7926,18984,115678,295654,141030,0
16735,15596,13333,32885,15755,15281,14148,23796,7061,8200,10463,9089,2587,1448,815,18737,1454,315,1948,17604,980,159,2422,17130,32331,68980,46218,0
1196,1374,1222,773,1605,1424,1454,551,645,823,671,222,258,80,232,681,228,50,202,651,409,231,383,832,2570,5034,1995,0
16219,19310,18635,6596,20803,23340,29450,40710,24491,21400,22075,34114,13231,10140,10815,22854,7121,4030,4705,16744,4584,1493,2168,14207,35529,114303,25231,0
3669,4318,3442,10457,3699,4051,3352,2426,1243,1892,1016,8031,317,966,90,7105,382,267,609,6406,30,619,257,6758,7987,13528,13899,0
96631,84073,86465,91569,86981,93202,88276,135062,38431,50989,48597,43493,8355,4203,1811,3293,3429,9129,6737,1633,9650,2908,516,4588,180704,403521,178034,0
217941,200911,187708,203478,188850,192795,189899,190326,27615,10585,2618,13152,28042,11012,2191,13579,25146,8116,5087,10683,29091,12061,1142,14628,418852,761870,391186,0
26398,26850,26170,25921,28718,26553,26103,46761,20363,19911,20591,20840,295,747,67,182,155,297,383,632,2320,1868,2548,2797,53248,128135,52091,0
63143,63709,65656,61825,69338,63240,69517,78490,15347,14781,12834,16665,6374,5808,3861,7692,97,469,2416,1415,6195,5629,3682,7513,126852,280585,127481,0
48952,39683,36046,68050,43745,44208,42890,76086,27134,36403,40040,8036,6062,3207,6844,25160,4744,4525,8162,23842,5207,4062,7699,24305,88635,206929,104096,0
89894,83754,79056,88895,78304,81981,79101,76370,13524,7384,2686,12525,10793,4653,45,9794,7913,1773,2925,6914,11590,5450,752,10591,173648,315756,167951,0
39362,35465,38099,46098,47579,53608,53363,67152,27790,31687,29053,21054,14001,17898,15264,7265,14246,18143,15509,7510,8217,12114,9480,1481,74827,221702,84197,0
18951,16957,17382,11354,17382,18156,18116,24208,5257,7251,6826,12854,835,1159,734,6762,795,1199,774,6802,1569,425,0,6028,35908,77862,28736,0
15200,15386,13949,10178,16281,15378,15181,12961,2239,2425,988,2783,19,205,1232,5003,178,8,1429,5200,1081,895,2332,6103,30586,59801,24127,0
43957,35303,51741,41175,42081,44106,40421,49276,5319,13973,2465,8101,3536,5118,11320,754,149,8803,7635,2931,1876,6778,9660,906,79260,175884,92916,0
137870,137033,132296,114947,139277,139365,135518,103910,33960,33123,28386,11037,2352,1515,3222,20571,1495,2332,7069,24418,1407,2244,6981,24330,274903,518070,247243,0
79969,76618,76229,51833,76803,73735,78871,39266,40703,37352,36963,12567,1098,2253,2642,27038,6234,2883,2494,21902,3166,185,574,24970,156587,268675,128062,0
141732,138221,133933,113078,137185,133829,134850,103121,38611,35100,30812,9957,6882,3371,917,21772,7903,4392,104,20751,4547,1036,3252,24107,279953,508985,247011,0
51189,41748,39023,50067,49162,47577,45492,27680,23509,14068,11343,22387,5697,3744,6469,4575,3612,5829,8554,2490,2027,7414,10139,905,92937,169911,89090,0
15223,15782,16234,13009,15014,13736,16427,22566,7343,6784,6332,9557,1204,645,193,3418,1487,2046,2498,727,209,768,1220,2005,31005,67743,29243,0
22406,21182,23217,25476,21010,21567,23413,19744,2662,1438,3473,5732,1007,2231,196,2063,839,385,1650,3909,1396,172,2207,4466,43588,85734,48693,0
52155,46655,42064,48556,50330,48743,45975,46212,5943,443,4148,2344,6180,680,3911,2581,3412,2088,6679,187,1825,3675,8266,1774,98810,191260,90620,0
71229,73792,66271,72517,72725,67759,73906,56348,14881,17444,9923,16169,2677,114,7635,1389,3470,6033,1488,4758,1496,1067,6454,208,145021,270738,138788,0
101738,93170,98985,68709,101955,102015,106999,77692,24046,15478,21293,8983,5261,13829,8014,38290,277,8845,3030,33306,217,8785,2970,33246,194908,388661,167694,0
24346,20813,20400,56044,20507,21249,20280,33971,9625,13158,13571,22073,4066,533,120,35764,3097,436,849,34795,3839,306,107,35537,45159,96007,76444,0
32647,33145,30772,35415,34959,33407,34884,29706,2941,3439,1066,5709,2237,1739,4112,531,760,262,2635,2008,2312,1814,4187,456,65792,132956,66187,0
10433,9584,8645,10183,8625,9619,8024,27348,16915,17764,18703,17165,2409,1560,621,2159,814,35,974,564,1808,959,20,1558,20017,53616,18828,0
97713,103362,88820,113722,101921,95440,105260,110619,12906,7257,21799,3103,7547,1898,16440,8462,2273,7922,6620,18282,4208,1441,13101,11801,201075,413240,202542,0
47669,43818,42239,24698,45670,45246,46846,40551,7118,3267,1688,15853,823,3028,4607,22148,2423,1428,3007,20548,1999,1852,3431,20972,91487,178313,66937,0
93557,91184,91147,135187,100054,98317,103901,153105,59548,61921,61958,17918,10344,12717,12754,31286,4760,7133,7170,36870,6497,8870,8907,35133,184741,455377,226334,0
18404,15458,15347,12326,17721,16440,17108,20604,2200,5146,5257,8278,1296,1650,1761,4782,1964,982,1093,4114,683,2263,2374,5395,33862,71873,27673,0
1968,1913,1822,1252,1931,1970,2055,1038,930,875,784,214,87,142,233,803,2,57,148,718,37,18,109,679,3881,6994,3074,0
26406,32515,23121,24821,30070,28170,31627,29475,3069,3040,6354,4654,5221,888,8506,6806,1764,4345,5049,3349,3664,2445,6949,5249,58921,119342,47942,0
158643,153692,144035,178084,156377,137736,147095,162803,4160,9111,18768,15281,11548,6597,3060,30989,20907,15956,6299,40348,2266,2685,12342,21707,312335,604011,322119,0
61654,56767,49384,74870,59516,54417,57486,74454,12800,17687,25070,416,4168,719,8102,17384,7237,2350,5033,20453,2138,2749,10132,15354,118421,245873,124254,0
45975,56146,42040,37988,50612,48824,45918,55153,9178,993,13113,17165,57,10228,3878,7930,2849,7322,6784,10836,4637,5534,8572,12624,102121,200507,80028,0
134490,126521,121953,138590,124166,132556,129512,140743,6253,14222,18790,2153,4978,2991,7559,9078,1934,6035,10603,6034,10324,2355,2213,14424,261011,526977,260543,0
25496,26384,29200,28074,29785,28423,31935,41079,15583,14695,11879,13005,6439,5551,2735,3861,2927,2039,777,349,4289,3401,585,1711,51880,131222,57274,0
25496,26384,29200,28074,29785,28423,31935,41079,15583,14695,11879,13005,6439,5551,2735,3861,2927,2039,777,349,4289,3401,585,1711,51880,131222,57274,0
66516,59916,59992,65649,55420,63130,57925,53103,13413,6813,6889,12546,8591,1991,2067,7724,3386,3214,3138,2519,11096,4496,4572,10229,126432,229578,125641,0
41388,38746,41036,65200,39604,41205,36483,72955,31567,34209,31919,7755,4905,2263,4553,28717,183,2459,169,23995,1784,858,1432,25596,80134,190247,106236,0
45695,40939,41345,76957,40941,43375,44050,82066,36371,41127,40721,5109,1645,3111,2705,32907,2320,2436,2030,33582,4754,2,404,36016,86634,210432,118302,0
156578,153170,145615,302374,135706,147563,146684,232704,76126,79534,87089,69670,9894,6486,1069,155690,9015,5607,1948,154811,20872,17464,9909,166668,309748,662657,447989,0
34715,35209,35399,30694,37342,36404,38303,41857,7142,6648,6458,11163,3588,3094,2904,7609,1689,1195,1005,5710,2627,2133,1943,6648,69924,153906,66093,0
141218,152392,144319,206884,144141,147967,139490,215271,74053,62879,70952,8387,1728,12902,4829,67394,6749,4425,3648,58917,2923,8251,178,62743,293610,646869,351203,0
28676,30785,29634,18369,32014,31321,33070,37209,8533,6424,7575,18840,4394,2285,3436,14701,2645,536,1687,12952,3338,1229,2380,13645,59461,133614,48003,0
54595,50754,44726,74163,50021,47313,46615,68620,14025,17866,23894,5543,7980,4139,1889,27548,7282,3441,2587,26850,4574,733,5295,24142,105349,212569,118889,0
43912,45906,38734,73709,42802,40082,43413,81544,37632,35638,42810,7835,499,2493,4679,30296,3830,5824,1348,33627,1110,3104,4068,30907,89818,207841,112443,0
74587,66329,66338,69425,67182,71048,65437,79584,4997,13255,13246,10159,9150,892,901,3988,3539,4719,4710,1623,7405,853,844,2243,140916,283251,135763,0
40485,34178,32515,43436,35472,34085,32546,44043,3558,9865,11528,607,7939,1632,31,10890,6400,93,1570,9351,5013,1294,2957,7964,74663,146146,75951,0
59192,55325,50646,56886,53895,53856,50433,61729,2537,6404,11083,4843,8759,4892,213,6453,5336,1469,3210,3030,5297,1430,3249,2991,114517,219913,107532,0
100455,109358,94095,127320,98200,101777,100773,181025,80570,71667,86930,53705,318,8585,6678,26547,1322,7581,7682,25543,2255,11158,4105,29120,209813,481775,221415,0
39531,40282,36657,28536,40327,40262,36489,34164,5367,6118,2493,5628,3042,3793,168,7953,731,20,3605,11726,796,45,3670,11791,79813,151242,65193,0
89868,82514,90561,71540,90300,91901,92616,80541,9327,1973,10020,9001,2748,10102,2055,21076,2033,9387,1340,20361,432,7786,261,18760,172382,355358,162101,0
92911,85294,84782,85368,88492,85895,83309,136971,44060,51677,52189,51603,9602,1985,1473,2059,7016,601,1113,527,4419,3198,3710,3124,178205,394667,170150,0
108442,107202,106921,90649,111822,106803,110645,105325,3117,1877,1596,14676,2203,3443,3724,19996,1639,399,118,16154,3380,4620,4901,21173,215644,434595,197570,0
48875,51749,48855,47203,53305,52451,53897,69380,20505,17631,20525,22177,5022,2148,5042,6694,3576,702,3596,5248,4430,1556,4450,6102,100624,229033,96058,0
47440,43774,42604,49207,48954,46495,47436,19619,27821,24155,22985,29588,4,3662,4832,1771,945,2721,3891,2712,1514,5180,6350,253,91214,162504,91811,0
114216,106145,109223,119314,102318,109039,100333,138568,24352,32423,29345,19254,13883,5812,8890,18981,5177,2894,184,10275,11898,3827,6905,16996,220361,450258,228537,0
129128,123504,116677,110105,123070,121667,121583,107519,21609,15985,9158,2586,7545,1921,4906,11478,7461,1837,4990,11562,6058,434,6393,12965,252632,473839,226782,0
19521,15051,16669,17587,15971,16056,19640,28286,8765,13235,11617,10699,119,4589,2971,2053,3465,1005,613,1531,3550,920,698,1616,34572,79953,34256,0
32695,28677,27409,29520,34425,33068,35110,52787,20092,24110,25378,23267,2415,6433,7701,5590,373,4391,5659,3548,1730,5748,7016,4905,61372,155390,56929,0
35723,48001,37231,49573,44383,40558,41142,44520,8797,3481,7289,5053,5419,6859,3911,8431,4835,7443,3327,9015,8660,3618,7152,5190,83724,170603,86804,0
44702,40515,35377,31728,38599,39204,36621,52233,7531,11718,16856,20505,8081,3894,1244,4893,5498,1311,3827,7476,6103,1916,3222,6871,85217,166657,67105,0
153861,165141,152797,255854,156046,158276,159702,266084,112223,100943,113287,10230,5841,5439,6905,96152,4415,6865,5479,97578,2185,9095,3249,99808,319002,740108,408651,0
30770,33007,32012,24524,33621,34333,35277,59076,28306,26069,27064,34552,4507,2270,3265,10753,3563,1326,2321,9809,2851,614,1609,9097,63777,162307,56536,0
54362,51381,50897,48140,55572,52191,54477,41689,12673,9692,9208,6451,115,3096,3580,6337,2171,810,1294,4051,1210,4191,4675,7432,105743,203929,99037,0
15568,16624,12169,8962,17346,17643,17526,27476,11908,10852,15307,18514,1958,902,5357,8564,2075,1019,5474,8681,1778,722,5177,8384,32192,79991,21131,0
30663,27514,27720,20425,28642,31695,28977,9026,21637,18488,18694,11399,1686,1463,1257,8552,1032,4181,3975,11270,2021,1128,922,8217,58177,98340,48145,0
30642,25984,25352,24350,27204,28212,28336,16848,13794,9136,8504,7502,2306,2352,2984,3986,2430,2228,2860,3862,3438,1220,1852,2854,56626,100600,49702,0
74550,73269,68990,58240,72240,73309,72492,108235,33685,34966,39245,49995,2058,777,3502,14252,1241,40,4319,15069,2310,1029,3250,14000,147819,326276,127230,0
78671,72902,80817,97762,83892,83916,84526,102009,23338,29107,21192,4247,5855,11624,3709,13236,5245,11014,3099,13846,5221,10990,3075,13870,151573,354343,178579,0
22707,23029,21080,52700,21996,22084,20867,42767,20060,19738,21687,9933,1840,2162,213,31833,623,945,1004,30616,711,1033,916,30704,45736,107714,73780,0
44175,48003,47081,66564,46203,39364,47505,55270,11095,7267,8189,11294,3330,498,424,19059,4811,8639,7717,27200,2028,1800,878,20361,92178,188342,113645,0
201756,169690,175748,196196,173055,172969,144864,183553,18203,13863,7805,12643,56892,24826,30884,51332,28787,3279,2779,23227,28701,3365,2693,23141,371446,674441,371944,0
